   -4.9803176945288452e-01 
   -4.9606461451367551e-01 
   -4.9409859030529291e-01 
   -4.9213375204221538e-01 
   -4.9017015502872879e-01 
   -4.8820785465716593e-01 
   -4.8624690640613305e-01 
   -4.8428736583872656e-01 
   -4.8232928860073948e-01 
   -4.8037273041885525e-01 
   -4.7841774709883256e-01 
   -4.7646439452367906e-01 
   -4.7451272865181382e-01 
   -4.7256280551521912e-01 
   -4.7061468121758282e-01 
   -4.6866841193242931e-01 
   -4.6672405390123956e-01 
   -4.6478166343156230e-01 
   -4.6284129689511289e-01 
   -4.6090301072586370e-01 
   -4.5896686141812348e-01 
   -4.5703290552460540e-01 
   -4.5510119965448770e-01 
   -4.5317180047146050e-01 
   -4.5124476469176689e-01 
   -4.4932014908222967e-01 
   -4.4739801045827210e-01 
   -4.4547840568192526e-01 
   -4.4356139165982844e-01 
   -4.4164702534121864e-01 
   -4.3973536371590938e-01 
   -4.3782646381226159e-01 
   -4.3592038269514377e-01 
   -4.3401717746388346e-01 
   -4.3211690525020835e-01 
   -4.3021962321617813e-01 
   -4.2832538855210855e-01 
   -4.2643425847448269e-01 
   -4.2454629022385793e-01 
   -4.2266154106275883e-01 
   -4.2078006827356407e-01 
   -4.1890192915638358e-01 
   -4.1702718102692615e-01 
   -4.1515588121435876e-01 
   -4.1328808705915626e-01 
   -4.1142385591094360e-01 
   -4.0956324512632836e-01 
   -4.0770631206672447e-01 
   -4.0585311409616787e-01 
   -4.0400370857912371e-01 
   -4.0215815287828427e-01 
   -4.0031650435236033e-01 
   -3.9847882035386167e-01 
   -3.9664515822687163e-01 
   -3.9481557530481143e-01 
   -3.9299012890819840e-01 
   -3.9116887634239550e-01 
   -3.8935187489535128e-01 
   -3.8753918183533448e-01 
   -3.8573085440865934e-01 
   -3.8392694983740255e-01 
   -3.8212752531711497e-01 
   -3.8033263801452233e-01 
   -3.7854234506522155e-01 
   -3.7675670357136781e-01 
   -3.7497577059935439e-01 
   -3.7319960317748557e-01 
   -3.7142825829364284e-01 
   -3.6966179289294232e-01 
   -3.6790026387538638e-01 
   -3.6614372809350848e-01 
   -3.6439224235000928e-01 
   -3.6264586339538862e-01 
   -3.6090464792556781e-01 
   -3.5916865257950775e-01 
   -3.5743793393681822e-01 
   -3.5571254851536216e-01 
   -3.5399255276885322e-01 
   -3.5227800308444640e-01 
   -3.5056895578032232e-01 
   -3.4886546710326649e-01 
   -3.4716759322624052e-01 
   -3.4547539024594887e-01 
   -3.4378891418039864e-01 
   -3.4210822096645449e-01 
   -3.4043336645738564e-01 
   -3.3876440642041011e-01 
   -3.3710139653423055e-01 
   -3.3544439238656670e-01 
   -3.3379344947167999e-01 
   -3.3214862318789518e-01 
   -3.3050996883511491e-01 
   -3.2887754161232990e-01 
   -3.2725139661512403e-01 
   -3.2563158883317317e-01 
   -3.2401817314774084e-01 
   -3.2241120432916748e-01 
   -3.2081073703435548e-01 
   -3.1921682580424959e-01 
   -3.1762952506131314e-01 
   -3.1604888910699830e-01 
   -3.1447497211921299e-01 
   -3.1290782814978346e-01 
   -3.1134751112191239e-01 
   -3.0979407482763183e-01 
   -3.0824757292525390e-01 
   -3.0670805893681674e-01 
   -3.0517558624552515e-01 
   -3.0365020809318938e-01 
   -3.0213197757765958e-01 
   -3.0062094765025565e-01 
   -2.9911717111319519e-01 
   -2.9762070061701723e-01 
   -2.9613158865800088e-01 
   -2.9464988757558463e-01 
   -2.9317564954977837e-01 
   -2.9170892659857578e-01 
   -2.9024977057536067e-01 
   -2.8879823316631309e-01 
   -2.8735436588781033e-01 
   -2.8591822008382772e-01 
   -2.8448984692333440e-01 
   -2.8306929739768821e-01 
   -2.8165662231802879e-01 
   -2.8025187231266452e-01 
   -2.7885509782446233e-01 
   -2.7746634910823359e-01 
   -2.7608567622811525e-01 
   -2.7471312905495315e-01 
   -2.7334875726368163e-01 
   -2.7199261033070077e-01 
   -2.7064473753125384e-01 
   -2.6930518793680197e-01 
   -2.6797401041239749e-01 
   -2.6665125361405695e-01 
   -2.6533696598613155e-01 
   -2.6403119575867806e-01 
   -2.6273399094482730e-01 
   -2.6144539933815292e-01 
   -2.6016546851003874e-01 
   -2.5889424580704579e-01 
   -2.5763177834827866e-01 
   -2.5637811302275137e-01 
   -2.5513329648675298e-01 
   -2.5389737516121336e-01 
   -2.5267039522906820e-01 
   -2.5145240263262447e-01 
   -2.5024344307092539e-01 
   -2.4904356199711664e-01 
   -2.4785280461581249e-01 
   -2.4667121588046204e-01 
   -2.4549884049071558e-01 
   -2.4433572288979333e-01 
   -2.4318190726185329e-01 
   -2.4203743752936091e-01 
   -2.4090235735045928e-01 
   -2.3977671011634005e-01 
   -2.3866053894861772e-01 
   -2.3755388669670252e-01 
   -2.3645679593517555e-01 
   -2.3536930896116814e-01 
   -2.3429146779173815e-01 
   -2.3322331416125208e-01 
   -2.3216488951876757e-01 
   -2.3111623502541778e-01 
   -2.3007739155179863e-01 
   -2.2904839967535773e-01 
   -2.2802929967778662e-01 
   -2.2702013154241329e-01 
   -2.2602093495160114e-01 
   -2.2503174928414693e-01 
   -2.2405261361268425e-01 
   -2.2308356670108853e-01 
   -2.2212464700188594e-01 
   -2.2117589265366533e-01 
   -2.2023734147849361e-01 
   -2.1930903097933474e-01 
   -2.1839099833747222e-01 
   -2.1748328040993503e-01 
   -2.1658591372692881e-01 
   -2.1569893448926958e-01 
   -2.1482237856582109e-01 
   -2.1395628149094037e-01 
   -2.1310067846192238e-01 
   -2.1225560433645208e-01 
   -2.1142109363006234e-01 
   -2.1059718051359311e-01 
   -2.0978389881065940e-01 
   -2.0898128199512100e-01 
   -2.0818936318856041e-01 
   -2.0740817515776300e-01 
   -2.0663775031220566e-01 
   -2.0587812070154932e-01 
   -2.0512931801313661e-01 
   -2.0439137356949788e-01 
   -2.0366431832586085e-01 
   -2.0294818286766780e-01 
   -2.0224299740809759e-01 
   -2.0154879178559648e-01 
   -2.0086559546141269e-01 
   -2.0019343751714025e-01 
   -1.9953234665226838e-01 
   -1.9888235118173714e-01 
   -1.9824347903350237e-01 
   -1.9761575774610585e-01 
   -1.9699921446625390e-01 
   -1.9639387594640367e-01 
   -1.9579976854235637e-01 
   -1.9521691821085840e-01 
   -1.9464535050721199e-01 
   -1.9408509058289258e-01 
   -1.9353616318317324e-01 
   -1.9299859264476127e-01 
   -1.9247240289343981e-01 
   -1.9195761744172002e-01 
   -1.9145425938650107e-01 
   -1.9096235140674067e-01 
   -1.9048191576113349e-01 
   -1.9001297428579911e-01 
   -1.8955554839197908e-01 
   -1.8910965906374577e-01 
   -1.8867532685571731e-01 
   -1.8825257189078748e-01 
   -1.8784141385785891e-01 
   -1.8744187200959406e-01 
   -1.8705396516017092e-01 
   -1.8667771168305147e-01 
   -1.8631312950876155e-01 
   -1.8596023612267976e-01 
   -1.8561904856283884e-01 
   -1.8528958341773893e-01 
   -1.8497185682416817e-01 
   -1.8466588446504117e-01 
   -1.8437168156724193e-01 
   -1.8408926289948646e-01 
   -1.8381864277018911e-01 
   -1.8355983502534901e-01 
   -1.8331285304644263e-01 
   -1.8307770974833082e-01 
   -1.8285441757718168e-01 
   -1.8264298850839955e-01 
   -1.8244343404457530e-01 
   -1.8225576521344200e-01 
   -1.8207999256584795e-01 
   -1.8191612617374331e-01 
   -1.8176417562817948e-01 
   -1.8162415003732135e-01 
   -1.8149605802447566e-01 
   -1.8137990772613166e-01 
   -1.8127570679001725e-01 
   -1.8118346237316929e-01 
   -1.8110318114001722e-01 
   -1.8103486926048484e-01 
   -1.8097853240810347e-01 
   -1.8093417575814275e-01 
   -1.8090180398575495e-01 
   -1.8088142126413609e-01 
   -1.8087303126270304e-01 
   -1.8087663714528579e-01 
   -1.8089224156833439e-01 
   -1.8091984667914518e-01 
   -1.8095945411410141e-01 
   -1.8101106499693143e-01 
   -1.8107467993698079e-01 
   -1.8115029902750668e-01 
   -1.8123792184398402e-01 
   -1.8133754744243280e-01 
   -1.8144917435775942e-01 
   -1.8157280060211956e-01 
   -1.8170842366329609e-01 
   -1.8185604050309523e-01 
   -1.8201564755576205e-01 
   -1.8218724072641423e-01 
   -1.8237081538949229e-01 
   -1.8256636638723245e-01 
   -1.8277388802815497e-01 
   -1.8299337408557226e-01 
   -1.8322481779611799e-01 
   -1.8346821185829343e-01 
   -1.8372354843103622e-01 
   -1.8399081913230619e-01 
   -1.8427001503769136e-01 
   -1.8456112667903757e-01 
   -1.8486414404309459e-01 
   -1.8517905657018463e-01 
   -1.8550585315289148e-01 
   -1.8584452213477087e-01 
   -1.8619505130908043e-01 
   -1.8655742791753394e-01 
   -1.8693163864907469e-01 
   -1.8731766963867136e-01 
   -1.8771550646613377e-01 
   -1.8812513415495713e-01 
   -1.8854653717117986e-01 
   -1.8897969942227011e-01 
   -1.8942460425603325e-01 
   -1.8988123445954130e-01 
   -1.9034957225808746e-01 
   -1.9082959931415933e-01 
   -1.9132129672644271e-01 
   -1.9182464502884378e-01 
   -1.9233962418953388e-01 
   -1.9286621361002598e-01 
   -1.9340439212426597e-01 
   -1.9395413799775307e-01 
   -1.9451542892668672e-01 
   -1.9508824203713371e-01 
   -1.9567255388422333e-01 
   -1.9626834045136632e-01 
   -1.9687557714950077e-01 
   -1.9749423881636041e-01 
   -1.9812429971577250e-01 
   -1.9876573353697946e-01 
   -1.9941851339398631e-01 
   -2.0008261182493536e-01 
   -2.0075800079150730e-01 
   -2.0144465167834913e-01 
   -2.0214253529252646e-01 
   -2.0285162186300876e-01 
   -2.0357188104017487e-01 
   -2.0430328189535119e-01 
   -2.0504579292037406e-01 
   -2.0579938202718284e-01 
   -2.0656401654743894e-01 
   -2.0733966323217323e-01 
   -2.0812628825146384e-01 
   -2.0892385719414053e-01 
   -2.0973233506751743e-01 
   -2.1055168629715615e-01 
   -2.1138187472665992e-01 
   -2.1222286361748943e-01 
   -2.1307461564881947e-01 
   -2.1393709291741603e-01 
   -2.1481025693754663e-01 
   -2.1569406864092222e-01 
   -2.1658848837666655e-01 
   -2.1749347591131751e-01 
   -2.1840899042885931e-01 
   -2.1933499053078531e-01 
   -2.2027143423618978e-01 
   -2.2121827898189572e-01 
   -2.2217548162260803e-01 
   -2.2314299843110341e-01 
   -2.2412078509844779e-01 
   -2.2510879673424977e-01 
   -2.2610698786694272e-01 
   -2.2711531244409955e-01 
   -2.2813372383278430e-01 
   -2.2916217481992929e-01 
   -2.3020061761274857e-01 
   -2.3124900383918878e-01 
   -2.3230728454840399e-01 
   -2.3337541021127117e-01 
   -2.3445333072093488e-01 
   -2.3554099539339002e-01 
   -2.3663835296809421e-01 
   -2.3774535160861499e-01 
   -2.3886193890331286e-01 
   -2.3998806186605814e-01 
   -2.4112366693698073e-01 
   -2.4226869998325695e-01 
   -2.4342310629992858e-01 
   -2.4458683061075959e-01 
   -2.4575981706912520e-01 
   -2.4694200925893983e-01 
   -2.4813335019561666e-01 
   -2.4933378232706460e-01 
   -2.5054324753472201e-01 
   -2.5176168713462488e-01 
   -2.5298904187851023e-01 
   -2.5422525195495937e-01 
   -2.5547025699057424e-01 
   -2.5672399605118956e-01 
   -2.5798640764312641e-01 
   -2.5925742971447718e-01 
   -2.6053699965643040e-01 
   -2.6182505430463399e-01 
   -2.6312152994058902e-01 
   -2.6442636229309180e-01 
   -2.6573948653970436e-01 
   -2.6706083730826358e-01 
   -2.6839034867843414e-01 
   -2.6972795418329398e-01 
   -2.7107358681095706e-01 
   -2.7242717900623936e-01 
   -2.7378866267235868e-01 
   -2.7515796917267443e-01 
   -2.7653502933246688e-01 
   -2.7791977344075225e-01 
   -2.7931213125214116e-01 
   -2.8071203198873063e-01 
   -2.8211940434203875e-01 
   -2.8353417647497792e-01 
   -2.8495627602386608e-01 
   -2.8638563010047746e-01 
   -2.8782216529413385e-01 
   -2.8926580767383603e-01 
   -2.9071648279043050e-01 
   -2.9217411567882179e-01 
   -2.9363863086022080e-01 
   -2.9510995234443316e-01 
   -2.9658800363219040e-01 
   -2.9807270771751626e-01 
   -2.9956398709014009e-01 
   -3.0106176373794258e-01 
   -3.0256595914944828e-01 
   -3.0407649431635431e-01 
   -3.0559328973610300e-01 
   -3.0711626541449222e-01 
   -3.0864534086832673e-01 
   -3.1018043512811200e-01 
   -3.1172146674078671e-01 
   -3.1326835377249651e-01 
   -3.1482101381141148e-01 
   -3.1637936397057853e-01 
   -3.1794332089082000e-01 
   -3.1951280074367128e-01 
   -3.2108771923435964e-01 
   -3.2266799160482385e-01 
   -3.2425353263677537e-01 
   -3.2584425665479944e-01 
   -3.2744007752950011e-01 
   -3.2904090868068248e-01 
   -3.3064666308058066e-01 
   -3.3225725325712330e-01 
   -3.3387259129724056e-01 
   -3.3549258885021682e-01 
   -3.3711715713107748e-01 
   -3.3874620692402391e-01 
   -3.4037964858590486e-01 
   -3.4201739204973103e-01 
   -3.4365934682823318e-01 
   -3.4530542201745451e-01 
   -3.4695552630039395e-01 
   -3.4860956795068210e-01 
   -3.5026745483630339e-01 
   -3.5192909442335796e-01 
   -3.5359439377986357e-01 
   -3.5526325957960281e-01 
   -3.5693559810600450e-01 
   -3.5861131525607148e-01 
   -3.6029031654434995e-01 
   -3.6197250710693507e-01 
   -3.6365779170552104e-01 
   -3.6534607473149205e-01 
   -3.6703726021005245e-01 
   -3.6873125180439748e-01 
   -3.7042795281992824e-01 
   -3.7212726620850112e-01 
   -3.7382909457272429e-01 
   -3.7553334017028994e-01 
   -3.7723990491834813e-01 
   -3.7894869039792289e-01 
   -3.8065959785836456e-01 
   -3.8237252822184664e-01 
   -3.8408738208790083e-01 
   -3.8580405973798859e-01 
   -3.8752246114011735e-01 
   -3.8924248595349553e-01 
   -3.9096403353322429e-01 
   -3.9268700293503056e-01 
   -3.9441129292004096e-01 
   -3.9613680195958900e-01 
   -3.9786342824007037e-01 
   -3.9959106966782842e-01 
   -4.0131962387408338e-01 
   -4.0304898821989799e-01 
   -4.0477905980118334e-01 
   -4.0650973545374092e-01 
   -4.0824091175834232e-01 
   -4.0997248504585104e-01 
   -4.1170435140237704e-01 
   -4.1343640667447090e-01 
   -4.1516854647435641e-01 
   -4.1690066618519794e-01 
   -4.1863266096640628e-01 
   -4.2036442575898159e-01 
   -4.2209585529089055e-01 
   -4.2382684408248461e-01 
   -4.2555728645194724e-01 
   -4.2728707652078413e-01 
   -4.2901610821934522e-01 
   -4.3074427529238135e-01 
   -4.3247147130464103e-01 
   -4.3419758964649535e-01 
   -4.3592252353960337e-01 
   -4.3764616604260809e-01 
   -4.3936841005686988e-01 
   -4.4108914833223090e-01 
   -4.4280827347281471e-01 
   -4.4452567794285880e-01 
   -4.4624125407258153e-01 
   -4.4795489406407907e-01 
   -4.4966648999725933e-01 
   -4.5137593383580066e-01 
   -4.5308311743315233e-01 
   -4.5478793253855998e-01 
   -4.5649027080312155e-01 
   -4.5819002378587959e-01 
   -4.5988708295994196e-01 
   -4.6158133971862758e-01 
   -4.6327268538165201e-01 
   -4.6496101120133604e-01 
   -4.6664620836884385e-01 
   -4.6832816802045407e-01 
   -4.7000678124385376e-01 
   -4.7168193908446709e-01 
   -4.7335353255180768e-01 
   -4.7502145262585982e-01 
   -4.7668559026348589e-01 
   -4.7834583640486117e-01 
   -4.8000208197993843e-01 
   -4.8165421791493257e-01 
   -4.8330213513883358e-01 
   -4.8494572458994722e-01 
   -4.8658487722245769e-01 
   -4.8821948401301352e-01 
   -4.8984943596734154e-01 
   -4.9147462412688248e-01 
   -4.9309493957544670e-01 
   -4.9471027344589813e-01 
   -4.9632051692685875e-01 
   -4.9792556126943088e-01 
   -4.9952529779394617e-01 
   -5.0111961789673254e-01 
   -5.0270841305690439e-01 
   -5.0429157484316856e-01 
   -5.0586899492065385e-01 
   -5.0744056505775870e-01 
   -5.0900617713301499e-01 
   -5.1056572314197302e-01 
   -5.1211909520410348e-01 
   -5.1366618556971544e-01 
   -5.1520688662689218e-01 
   -5.1674109090844400e-01 
   -5.1826869109887141e-01 
   -5.1978958004135145e-01 
   -5.2130365074473373e-01 
   -5.2281079639055084e-01 
   -5.2431091034004240e-01 
   -5.2580388614119533e-01 
   -5.2728961753579129e-01 
   -5.2876799846646994e-01 
   -5.3023892308380294e-01 
   -5.3170228575337775e-01 
   -5.3315798106289303e-01 
   -5.3460590382926232e-01 
   -5.3604594910572967e-01 
   -5.3747801218898850e-01 
   -5.3890198862631555e-01 
   -5.4031777422270788e-01 
   -5.4172526504802510e-01 
   -5.4312435744414356e-01 
   -5.4451494803211231e-01 
   -5.4589693371931336e-01 
   -5.4727021170663082e-01 
   -5.4863467949561762e-01 
   -5.4999023489567345e-01 
   -5.5133677603121634e-01 
   -5.5267420134886480e-01 
   -5.5400240962461611e-01 
   -5.5532129997102686e-01 
   -5.5663077184439302e-01 
   -5.5793072505193342e-01 
   -5.5922105975896530e-01 
   -5.6050167649608318e-01 
   -5.6177247616633630e-01 
   -5.6303336005239846e-01 
   -5.6428422982373705e-01 
   -5.6552498754377833e-01 
   -5.6675553567706571e-01 
   -5.6797577709641534e-01 
   -5.6918561509006116e-01 
   -5.7038495336879813e-01 
   -5.7157369607311326e-01 
   -5.7275174778031046e-01 
   -5.7391901351162855e-01 
   -5.7507539873934410e-01 
   -5.7622080939386922e-01 
   -5.7735515187083664e-01 
   -5.7847833303817087e-01 
   -5.7959026024315174e-01 
   -5.8069084131946003e-01 
   -5.8177998459421199e-01 
   -5.8285759889497857e-01 
   -5.8392359355679035e-01 
   -5.8497787842912607e-01 
   -5.8602036388288270e-01 
   -5.8705096081733332e-01 
   -5.8806958066706116e-01 
   -5.8907613540887849e-01 
   -5.9007053756872485e-01 
   -5.9105270022854683e-01 
   -5.9202253703315422e-01 
   -5.9297996219705640e-01 
   -5.9392489051127795e-01 
   -5.9485723735014640e-01 
   -5.9577691867806315e-01 
   -5.9668385105624333e-01 
   -5.9757795164943484e-01 
   -5.9845913823261043e-01 
   -5.9932732919763210e-01 
   -6.0018244355988992e-01 
   -6.0102440096491128e-01 
   -6.0185312169494187e-01 
   -6.0266852667549875e-01 
   -6.0347053748188995e-01 
   -6.0425907634570653e-01 
   -6.0503406616127942e-01 
   -6.0579543049210893e-01 
   -6.0654309357725611e-01 
   -6.0727698033770106e-01 
   -6.0799701638267045e-01 
   -6.0870312801592519e-01 
   -6.0939524224201458e-01 
   -6.1007328677249273e-01 
   -6.1073719003209925e-01 
   -6.1138688116489781e-01 
   -6.1202229004037956e-01 
   -6.1264334725952629e-01 
   -6.1324998416083087e-01 
   -6.1384213282627897e-01 
   -6.1441972608728834e-01 
   -6.1498269753060397e-01 
   -6.1553098150415297e-01 
   -6.1606451312285193e-01 
   -6.1658322827437417e-01 
   -6.1708706362486476e-01 
   -6.1757595662461728e-01 
   -6.1804984551369668e-01 
   -6.1850866932752147e-01 
   -6.1895236790238850e-01 
   -6.1938088188096063e-01 
   -6.1979415271769256e-01 
   -6.2019212268421531e-01 
   -6.2057473487466497e-01 
   -6.2094193321096192e-01 
   -6.2129366244803597e-01 
   -6.2162986817899957e-01 
   -6.2195049684026560e-01 
   -6.2225549571661332e-01 
   -6.2254481294619568e-01 
   -6.2281839752549506e-01 
   -6.2307619931421765e-01 
   -6.2331816904013393e-01 
   -6.2354425830386118e-01 
   -6.2375441958358457e-01 
   -6.2394860623972304e-01 
   -6.2412677251953175e-01 
   -6.2428887356164775e-01 
   -6.2443486540057014e-01 
   -6.2456470497108207e-01 
   -6.2467835011260830e-01 
   -6.2477575957351095e-01 
   -6.2485689301532032e-01 
   -6.2492171101690275e-01 
   -6.2497017507856256e-01 
   -6.2500224762607881e-01 
   -6.2501789201467550e-01 
   -6.2501707253292627e-01 
   -6.2499975440659061e-01 
   -6.2496590380238159e-01 
   -6.2491548783166784e-01 
   -6.2484847455410208e-01 
   -6.2476483298118501e-01 
   -6.2466453307975445e-01 
   -6.2454754577540683e-01 
   -6.2441384295584512e-01 
   -6.2426339747415738e-01 
   -6.2409618315202020e-01 
   -6.2391217478283023e-01 
   -6.2371134813476370e-01 
   -6.2349367995375915e-01 
   -6.2325914796642756e-01 
   -6.2300773088288630e-01 
   -6.2273940839951980e-01 
   -6.2245416120166075e-01 
   -6.2215197096619679e-01 
   -6.2183282036410037e-01 
   -6.2149669306287980e-01 
   -6.2114357372895534e-01 
   -6.2077344802995116e-01 
   -6.2038630263691541e-01 
   -6.1998212522645491e-01 
   -6.1956090448279455e-01 
   -6.1912263009975343e-01 
   -6.1866729278264287e-01 
   -6.1819488425008073e-01 
   -6.1770539723572793e-01 
   -6.1719882548993810e-01 
   -6.1667516378133125e-01 
   -6.1613440789827867e-01 
   -6.1557655465031069e-01 
   -6.1500160186943564e-01 
   -6.1440954841138073e-01 
   -6.1380039415674270e-01 
   -6.1317414001206061e-01 
   -6.1253078791079973e-01 
   -6.1187034081425140e-01 
   -6.1119280271234777e-01 
   -6.1049817862439271e-01 
   -6.0978647459970348e-01 
   -6.0905769771816876e-01 
   -6.0831185609072058e-01 
   -6.0754895885971760e-01 
   -6.0676901619924295e-01 
   -6.0597203931531440e-01 
   -6.0515804044600818e-01 
   -6.0432703286149347e-01 
   -6.0347903086398136e-01 
   -6.0261404978758271e-01 
   -6.0173210599808158e-01 
   -6.0083321689261715e-01 
   -5.9991740089927958e-01 
   -5.9898467747661477e-01 
   -5.9803506711304166e-01 
   -5.9706859132618306e-01 
   -5.9608527266210110e-01 
   -5.9508513469444924e-01 
   -5.9406820202353350e-01 
   -5.9303450027528237e-01 
   -5.9198405610012950e-01 
   -5.9091689717180651e-01 
   -5.8983305218604398e-01 
   -5.8873255085918608e-01 
   -5.8761542392671340e-01 
   -5.8648170314167669e-01 
   -5.8533142127303972e-01 
   -5.8416461210393544e-01 
   -5.8298131042982826e-01 
   -5.8178155205659010e-01 
   -5.8056537379848439e-01 
   -5.7933281347606180e-01 
   -5.7808390991396608e-01 
   -5.7681870293864890e-01 
   -5.7553723337599805e-01 
   -5.7423954304887292e-01 
   -5.7292567477455436e-01 
   -5.7159567236210107e-01 
   -5.7024958060962028e-01 
   -5.6888744530144830e-01 
   -5.6750931320524178e-01 
   -5.6611523206898129e-01 
   -5.6470525061788468e-01 
   -5.6327941855123465e-01 
   -5.6183778653911554e-01 
   -5.6038040621906360e-01 
   -5.5890733019262973e-01 
   -5.5741861202185317e-01 
   -5.5591430622564963e-01 
   -5.5439446827611150e-01 
   -5.5285915459472001e-01 
   -5.5130842254847412e-01 
   -5.4974233044592924e-01 
   -5.4816093753315298e-01 
   -5.4656430398959277e-01 
   -5.4495249092386111e-01 
   -5.4332556036943180e-01 
   -5.4168357528025490e-01 
   -5.4002659952628562e-01 
   -5.3835469788892898e-01 
   -5.3666793605640173e-01 
   -5.3496638061901036e-01 
   -5.3325009906434617e-01 
   -5.3151915977239761e-01 
   -5.2977363201058159e-01 
   -5.2801358592869141e-01 
   -5.2623909255376444e-01 
   -5.2445022378486983e-01 
   -5.2264705238781339e-01 
   -5.2082965198976461e-01 
   -5.1899809707380373e-01 
   -5.1715246297338946e-01 
   -5.1529282586674863e-01 
   -5.1341926277118810e-01 
   -5.1153185153732827e-01 
   -5.0963067084326030e-01 
   -5.0771580018862750e-01 
   -5.0578731988863024e-01 
   -5.0384531106795483e-01 
   -5.0188985565462962e-01 
   -4.9992103637380536e-01 
   -4.9793893674146295e-01 
   -4.9594364105804728e-01 
   -4.9393523440202974e-01 
   -4.9191380262339873e-01 
   -4.8987943233707920e-01 
   -4.8783221091628026e-01 
   -4.8577222648577612e-01 
   -4.8369956791511481e-01 
   -4.8161432481176042e-01 
   -4.7951658751416570e-01 
   -4.7740644708478025e-01 
   -4.7528399530298948e-01 
   -4.7314932465798992e-01 
   -4.7100252834159828e-01 
   -4.6884370024099675e-01 
   -4.6667293493141493e-01 
   -4.6449032766874898e-01 
   -4.6229597438211767e-01 
   -4.6008997166635923e-01 
   -4.5787241677446511e-01 
   -4.5564340760995642e-01 
   -4.5340304271919984e-01 
   -4.5115142128366570e-01 
   -4.4888864311212934e-01 
   -4.4661480863281472e-01 
   -4.4433001888548362e-01 
   -4.4203437551346902e-01 
   -4.3972798075565400e-01 
   -4.3741093743839887e-01 
   -4.3508334896741474e-01 
   -4.3274531931958560e-01 
   -4.3039695303474002e-01 
   -4.2803835520737271e-01 
   -4.2566963147831766e-01 
   -4.2329088802637249e-01 
   -4.2090223155987599e-01 
   -4.1850376930823963e-01 
   -4.1609560901343279e-01 
   -4.1367785892142439e-01 
   -4.1125062777358068e-01 
   -4.0881402479802004e-01 
   -4.0636815970092616e-01 
   -4.0391314265782091e-01 
   -4.0144908430479653e-01 
   -3.9897609572970960e-01 
   -3.9649428846333629e-01 
   -3.9400377447049123e-01 
   -3.9150466614111012e-01 
   -3.8899707628129665e-01 
   -3.8648111810433611e-01 
   -3.8395690522167558e-01 
   -3.8142455163387101e-01 
   -3.7888417172150435e-01 
   -3.7633588023606979e-01 
   -3.7377979229083047e-01 
   -3.7121602335164766e-01 
   -3.6864468922778193e-01 
   -3.6606590606266803e-01 
   -3.6347979032466537e-01 
   -3.6088645879778319e-01 
   -3.5828602857238295e-01 
   -3.5567861703585829e-01 
   -3.5306434186329411e-01 
   -3.5044332100810460e-01 
   -3.4781567269265290e-01 
   -3.4518151539885200e-01 
   -3.4254096785874888e-01 
   -3.3989414904509224e-01 
   -3.3724117816188509e-01 
   -3.3458217463492301e-01 
   -3.3191725810232009e-01 
   -3.2924654840502210e-01 
   -3.2657016557730911e-01 
   -3.2388822983728754e-01 
   -3.2120086157737415e-01 
   -3.1850818135477121e-01 
   -3.1581030988193559e-01 
   -3.1310736801704131e-01 
   -3.1039947675443808e-01 
   -3.0768675721510508e-01 
   -3.0496933063710308e-01 
   -3.0224731836602425e-01 
   -2.9952084184544103e-01 
   -2.9679002260735643e-01 
   -2.9405498226265436e-01 
   -2.9131584249155396e-01 
   -2.8857272503406606e-01 
   -2.8582575168045482e-01 
   -2.8307504426170471e-01 
   -2.8032072463999469e-01 
   -2.7756291469917860e-01 
   -2.7480173633527549e-01 
   -2.7203731144696941e-01 
   -2.6926976192611929e-01 
   -2.6649920964828078e-01 
   -2.6372577646324102e-01 
   -2.6094958418556680e-01 
   -2.5817075458516792e-01 
   -2.5538940937787580e-01 
   -2.5260567021603891e-01 
   -2.4981965867913675e-01 
   -2.4703149626441095e-01 
   -2.4424130437751781e-01 
   -2.4144920432320094e-01 
   -2.3865531729598488e-01 
   -2.3585976437089295e-01 
   -2.3306266649418755e-01 
   -2.3026414447413573e-01 
   -2.2746431897180008e-01 
   -2.2466331049185656e-01 
   -2.2186123937343963e-01 
   -2.1905822578101658e-01 
   -2.1625438969529009e-01 
   -2.1344985090413260e-01 
   -2.1064472899355097e-01 
   -2.0783914333868436e-01 
   -2.0503321309483524e-01 
   -2.0222705718853295e-01 
   -1.9942079430863563e-01 
   -1.9661454289746511e-01 
   -1.9380842114198021e-01 
   -1.9100254696498753e-01 
   -1.8819703801639143e-01 
   -1.8539201166448271e-01 
   -1.8258758498726896e-01 
   -1.7978387476384511e-01 
   -1.7698099746580792e-01 
   -1.7417906924871146e-01 
   -1.7137820594356801e-01 
   -1.6857852304839360e-01 
   -1.6578013571979955e-01 
   -1.6298315876462982e-01 
   -1.6018770663164511e-01 
   -1.5739389340325799e-01 
   -1.5460183278731299e-01 
   -1.5181163810892068e-01 
   -1.4902342230233878e-01 
   -1.4623729790290657e-01 
   -1.4345337703903122e-01 
   -1.4067177142422721e-01 
   -1.3789259234920859e-01 
   -1.3511595067403653e-01 
   -1.3234195682032218e-01 
   -1.2957072076348536e-01 
   -1.2680235202506868e-01 
   -1.2403695966511186e-01 
   -1.2127465227458128e-01 
   -1.1851553796786024e-01 
   -1.1575972437529797e-01 
   -1.1300731863581925e-01 
   -1.1025842738959496e-01 
   -1.0751315677077350e-01 
   -1.0477161240027527e-01 
   -1.0203389937865015e-01 
   -9.9300122278997316e-02 
   -9.6570385139951420e-02 
   -9.3844791458730425e-02 
   -9.1123444184252000e-02 
   -8.8406445710314308e-02 
   -8.5693897868843072e-02 
   -8.2985901923207206e-02 
   -8.0282558561600659e-02 
   -7.7583967890493821e-02 
   -7.4890229428153265e-02 
   -7.2201442098230761e-02 
   -6.9517704223422294e-02 
   -6.6839113519198579e-02 
   -6.4165767087604908e-02 
   -6.1497761411133056e-02 
   -5.8835192346666565e-02 
   -5.6178155119496087e-02 
   -5.3526744317409669e-02 
   -5.0881053884855532e-02 
   -4.8241177117178569e-02 
   -4.5607206654931565e-02 
   -4.2979234478261463e-02 
   -4.0357351901369354e-02 
   -3.7741649567048063e-02 
   -3.5132217441293023e-02 
   -3.2529144807993071e-02 
   -2.9932520263693196e-02 
   -2.7342431712439774e-02 
   -2.4758966360698742e-02 
   -2.2182210712353823e-02 
   -1.9612250563782130e-02 
   -1.7049170999008489e-02 
   -1.4493056384938363e-02 
   -1.1943990366669266e-02 
   -9.4020558628828965e-03 
   -6.8673350613150941e-03 
   -4.3399094143068417e-03 
   -1.8198596344356499e-03 
   6.9273430977512263e-04 
   3.1977931980619045e-03 
   5.6952385625512747e-03 
   8.1849926918037275e-03 
   1.0666978634780500e-02 
   1.3141120204727019e-02 
   1.5607341982975420e-02 
   1.8065569322664787e-02 
   2.0515728352378582e-02 
   2.2957745979703348e-02 
   2.5391549894701715e-02 
   2.7817068573303461e-02 
   3.0234231280617307e-02 
   3.2642968074155565e-02 
   3.5043209806980613e-02 
   3.7434888130764343e-02 
   3.9817935498769552e-02 
   4.2192285168743404e-02 
   4.4557871205732624e-02 
   4.6914628484812093e-02 
   4.9262492693733062e-02 
   5.1601400335487879e-02 
   5.3931288730789451e-02 
   5.6252096020471543e-02 
   5.8563761167802264e-02 
   6.0866223960718280e-02 
   6.3159425013972759e-02 
   6.5443305771203275e-02 
   6.7717808506914223e-02 
   6.9982876328379184e-02 
   7.2238453177458251e-02 
   7.4484483832334747e-02 
   7.6720913909168242e-02 
   7.8947689863665182e-02 
   8.1164758992567587e-02 
   8.3372069435060259e-02 
   8.5569570174094833e-02 
   8.7757211037632232e-02 
   8.9934942699804066e-02 
   9.2102716681992103e-02 
   9.4260485353826584e-02 
   9.6408201934101490e-02 
   9.8545820491612868e-02 
   1.0067329594591246e-01 
   1.0279058406798314e-01 
   1.0489764148083125e-01 
   1.0699442566000328e-01 
   1.0908089493401829e-01 
   1.1115700848472332e-01 
   1.1322272634756803e-01 
   1.1527800941180077e-01 
   1.1732281942058687e-01 
   1.1935711897104573e-01 
   1.2138087151421229e-01 
   1.2339404135491938e-01 
   1.2539659365160283e-01 
   1.2738849441602773e-01 
   1.2936971051294022e-01 
   1.3134020965964122e-01 
   1.3329996042548253e-01 
   1.3524893223128998e-01 
   1.3718709534870921e-01 
   1.3911442089947468e-01 
   1.4103088085460724e-01 
   1.4293644803353389e-01 
   1.4483109610313649e-01 
   1.4671479957672329e-01 
   1.4858753381293099e-01 
   1.5044927501455108e-01 
   1.5230000022728352e-01 
   1.5413968733842143e-01 
   1.5596831507546050e-01 
   1.5778586300463981e-01 
   1.5959231152941011e-01 
   1.6138764188883392e-01 
   1.6317183615591313e-01 
   1.6494487723584950e-01 
   1.6670674886423598e-01 
   1.6845743560517679e-01 
   1.7019692284934484e-01 
   1.7192519681196716e-01 
   1.7364224453074473e-01 
   1.7534805386370678e-01 
   1.7704261348699823e-01 
   1.7872591289260253e-01 
   1.8039794238599849e-01 
   1.8205869308375344e-01 
   1.8370815691105280e-01 
   1.8534632659916594e-01 
   1.8697319568284920e-01 
   1.8858875849768741e-01 
   1.9019301017737289e-01 
   1.9178594665092341e-01 
   1.9336756463984039e-01 
   1.9493786165520688e-01 
   1.9649683599472578e-01 
   1.9804448673969866e-01 
   1.9958081375194803e-01 
   2.0110581767068092e-01 
   2.0261949990929506e-01 
   2.0412186265212928e-01 
   2.0561290885115724e-01 
   2.0709264222262769e-01 
   2.0856106724364687e-01 
   2.1001818914871073e-01 
   2.1146401392618008e-01 
   2.1289854831470501e-01 
   2.1432179979959776e-01 
   2.1573377660915072e-01 
   2.1713448771090615e-01 
   2.1852394280787679e-01 
   2.1990215233471222e-01 
   2.2126912745382032e-01 
   2.2262488005143755e-01 
   2.2396942273365550e-01 
   2.2530276882239320e-01 
   2.2662493235132875e-01 
   2.2793592806178498e-01 
   2.2923577139856643e-01 
   2.3052447850575319e-01 
   2.3180206622245247e-01 
   2.3306855207850441e-01 
   2.3432395429014641e-01 
   2.3556829175563665e-01 
   2.3680158405083296e-01 
   2.3802385142473503e-01 
   2.3923511479498238e-01 
   2.4043539574331885e-01 
   2.4162471651101081e-01 
   2.4280309999423322e-01 
   2.4397056973941655e-01 
   2.4512714993855766e-01 
   2.4627286542449078e-01 
   2.4740774166613022e-01 
   2.4853180476367132e-01 
   2.4964508144376141e-01 
   2.5074759905463795e-01 
   2.5183938556122887e-01 
   2.5292046954022840e-01 
   2.5399088017513494e-01 
   2.5505064725126214e-01 
   2.5609980115071818e-01 
   2.5713837284735697e-01 
   2.5816639390169793e-01 
   2.5918389645582274e-01 
   2.6019091322823951e-01 
   2.6118747750872340e-01 
   2.6217362315312931e-01 
   2.6314938457818227e-01 
   2.6411479675623895e-01 
   2.6506989521002844e-01 
   2.6601471600736792e-01 
   2.6694929575585691e-01 
   2.6787367159754805e-01 
   2.6878788120359787e-01 
   2.6969196276889562e-01 
   2.7058595500667282e-01 
   2.7146989714309255e-01 
   2.7234382891182296e-01 
   2.7320779054858635e-01 
   2.7406182278569768e-01 
   2.7490596684658342e-01 
   2.7574026444028221e-01 
   2.7656475775593237e-01 
   2.7737948945724589e-01 
   2.7818450267696371e-01 
   2.7897984101130224e-01 
   2.7976554851438273e-01 
   2.8054166969265260e-01 
   2.8130824949928956e-01 
   2.8206533332860162e-01 
   2.8281296701040914e-01 
   2.8355119680442342e-01 
   2.8428006939461103e-01 
   2.8499963188355493e-01 
   2.8570993178680215e-01 
   2.8641101702720628e-01 
   2.8710293592926628e-01 
   2.8778573721345380e-01 
   2.8845946999053751e-01 
   2.8912418375590376e-01 
   2.8977992838387201e-01 
   2.9042675412200269e-01 
   2.9106471158540936e-01 
   2.9169385175106299e-01 
   2.9231422595209333e-01 
   2.9292588587209378e-01 
   2.9352888353942097e-01 
   2.9412327132149718e-01 
   2.9470910191911048e-01 
   2.9528642836071695e-01 
   2.9585530399674453e-01 
   2.9641578249389977e-01 
   2.9696791782947407e-01 
   2.9751176428565662e-01 
   2.9804737644384693e-01 
   2.9857480917897794e-01 
   2.9909411765383620e-01 
   2.9960535731339288e-01 
   3.0010858387913764e-01 
   3.0060385334342121e-01 
   3.0109122196380256e-01 
   3.0157074625740421e-01 
   3.0204248299527614e-01 
   3.0250648919676781e-01 
   3.0296282212390846e-01 
   3.0341153927579700e-01 
   3.0385269838300222e-01 
   3.0428635740197352e-01 
   3.0471257450946143e-01 
   3.0513140809695194e-01 
   3.0554291676510836e-01 
   3.0594715931823047e-01 
   3.0634419475872432e-01 
   3.0673408228158272e-01 
   3.0711688126888503e-01 
   3.0749265128430459e-01 
   3.0786145206763815e-01 
   3.0822334352934289e-01 
   3.0857838574509555e-01 
   3.0892663895036243e-01 
   3.0926816353498854e-01 
   3.0960302003780327e-01 
   3.0993126914124358e-01 
   3.1025297166599253e-01 
   3.1056818856563961e-01 
   3.1087698092135674e-01 
   3.1117940993659443e-01 
   3.1147553693179741e-01 
   3.1176542333913826e-01 
   3.1204913069727347e-01 
   3.1232672064611944e-01 
   3.1259825492164761e-01 
   3.1286379535070352e-01 
   3.1312340384584370e-01 
   3.1337714240020098e-01 
   3.1362507308236376e-01 
   3.1386725803128679e-01 
   3.1410375945121538e-01 
   3.1433463960664354e-01 
   3.1455996081728732e-01 
   3.1477978545308660e-01 
   3.1499417592922996e-01 
   3.1520319470120506e-01 
   3.1540690425987306e-01 
   3.1560536712656939e-01 
   3.1579864584823025e-01 
   3.1598680299254311e-01 
   3.1616990114312715e-01 
   3.1634800289473775e-01 
   3.1652117084849696e-01 
   3.1668946760715500e-01 
   3.1685295577037587e-01 
   3.1701169793005146e-01 
   3.1716575666564384e-01 
   3.1731519453955725e-01 
   3.1746007409253696e-01 
   3.1760045783909618e-01 
   3.1773640826297622e-01 
   3.1786798781262959e-01 
   3.1799525889673852e-01 
   3.1811828387976004e-01 
   3.1823712507750312e-01 
   3.1835184475273293e-01 
   3.1846250511080987e-01 
   3.1856916829535586e-01 
   3.1867189638395266e-01 
   3.1877075138387223e-01 
   3.1886579522783742e-01 
   3.1895708976981463e-01 
   3.1904469678083791e-01 
   3.1912867794486466e-01 
   3.1920909485466609e-01 
   3.1928600900774384e-01 
   3.1935948180228813e-01 
   3.1942957453315934e-01 
   3.1949634838790986e-01 
   3.1955986444283235e-01 
   3.1962018365904799e-01 
   3.1967736687862247e-01 
   3.1973147482071640e-01 
   3.1978256807777439e-01 
   3.1983070711173966e-01 
   3.1987595225030885e-01 
   3.1991836368321835e-01 
   3.1995800145856557e-01 
   3.1999492547916242e-01 
   3.2002919549892639e-01 
   3.2006087111930381e-01 
   3.2009001178572827e-01 
   3.2011667678411382e-01 
   3.2014092523738280e-01 
   3.2016281610202935e-01 
   3.2018240816471555e-01 
   3.2019976003890638e-01 
   3.2021493016153624e-01 
   3.2022797678971315e-01 
   3.2023895799745539e-01 
   3.2024793167246823e-01 
   3.2025495551295091e-01 
   3.2026008702444198e-01 
   3.2026338351670014e-01 
   3.2026490210061997e-01 
   3.2026469968518401e-01 
   3.2026283297444813e-01 
   3.2025935846456632e-01 
   3.2025433244084966e-01 
   3.2024781097485966e-01 
   3.2023984992153975e-01 
   3.2023050491637994e-01 
   3.2021983137262133e-01 
   3.2020788447849302e-01 
   3.2019471919448450e-01 
   3.2018039025065925e-01 
   3.2016495214399621e-01 
   3.2014845913577539e-01 
   3.2013096524899298e-01 
   3.2011252426581582e-01 
   3.2009318972507217e-01 
   3.2007301491977425e-01 
   3.2005205289468253e-01 
   3.2003035644390110e-01 
   3.2000797810851100e-01 
   3.1998497017424066e-01 
   3.1996138466916757e-01 
   3.1993727336146172e-01 
   3.1991268775716009e-01 
   3.1988767909797855e-01 
   3.1986229835915991e-01 
   3.1983659624735672e-01 
   3.1981062319855025e-01 
   3.1978442937600338e-01 
   3.1975806466825185e-01 
   3.1973157868712765e-01 
   3.1970502076582030e-01 
   3.1967843995697276e-01 
   3.1965188503081032e-01 
   3.1962540447330812e-01 
   3.1959904648439130e-01 
   3.1957285897617060e-01 
   3.1954688957121347e-01 
   3.1952118560084974e-01 
   3.1949579410351059e-01 
   3.1947076182310619e-01 
   3.1944613520743093e-01 
   3.1942196040661042e-01 
   3.1939828327157926e-01 
   3.1937514935259159e-01 
   3.1935260389777009e-01 
   3.1933069185168494e-01 
   3.1930945785396814e-01 
   3.1928894623796322e-01 
   3.1926920102940637e-01 
   3.1925026594514172e-01 
   3.1923218439187118e-01 
   3.1921499946493681e-01 
   3.1919875394713615e-01 
   3.1918349030757120e-01 
   3.1916925070053004e-01 
   3.1915607696440151e-01 
   3.1914401062062381e-01 
   3.1913309287266167e-01 
   3.1912336460502244e-01 
   3.1911486638229603e-01 
   3.1910763844823720e-01 
   3.1910172072487064e-01 
   3.1909715281163320e-01 
   3.1909397398454609e-01 
   3.1909222319541919e-01 
   3.1909193907108779e-01 
   3.1909315991267695e-01 
   3.1909592369490136e-01 
   3.1910026806539427e-01 
   3.1910623034406738e-01 
   3.1911384752249949e-01 
   3.1912315626336085e-01 
   3.1913419289986145e-01 
   3.1914699343523467e-01 
   3.1916159354224716e-01 
   3.1917802856274058e-01 
   3.1919633350720467e-01 
   3.1921654305437530e-01 
   3.1923869155086460e-01 
   3.1926281301082227e-01 
   3.1928894111561990e-01 
   3.1931710921357226e-01 
   3.1934735031967842e-01 
   3.1937969711539793e-01 
   3.1941418194845317e-01 
   3.1945083683265907e-01 
   3.1948969344778011e-01 
   3.1953078313941818e-01 
   3.1957413691892400e-01 
   3.1961978546333969e-01 
   3.1966775911536449e-01 
   3.1971808788335110e-01 
   3.1977080144132697e-01 
   3.1982592912904095e-01 
   3.1988349995204035e-01 
   3.1994354258176916e-01 
   3.2000608535569597e-01 
   3.2007115627746652e-01 
   3.2013878301707988e-01 
   3.2020899291109473e-01 
   3.2028181296285507e-01 
   3.2035726984274671e-01 
   3.2043538988847176e-01 
   3.2051619910535600e-01 
   3.2059972316667296e-01 
   3.2068598741399668e-01 
   3.2077501685757670e-01 
   3.2086683617673861e-01 
   3.2096146972030426e-01 
   3.2105894150704151e-01 
   3.2115927522612919e-01 
   3.2126249423765330e-01 
   3.2136862157311974e-01 
   3.2147767993599319e-01 
   3.2158969170225471e-01 
   3.2170467892098609e-01 
   3.2182266331497278e-01 
   3.2194366628132820e-01 
   3.2206770889214265e-01 
   3.2219481189514954e-01 
   3.2232499571441686e-01 
   3.2245828045105462e-01 
   3.2259468588394791e-01 
   3.2273423147050617e-01 
   3.2287693634743564e-01 
   3.2302281933152965e-01 
   3.2317189892048070e-01 
   3.2332419329370943e-01 
   3.2347972031321637e-01 
   3.2363849752444973e-01 
   3.2380054215719256e-01 
   3.2396587112647079e-01 
   3.2413450103347785e-01 
   3.2430644816651644e-01 
   3.2448172850196244e-01 
   3.2466035770524171e-01 
   3.2484235113182669e-01 
   3.2502772382825318e-01 
   3.2521649053314805e-01 
   3.2540866567827953e-01 
   3.2560426338962234e-01 
   3.2580329748843695e-01 
   3.2600578149236958e-01 
   3.2621172861656533e-01 
   3.2642115177479625e-01 
   3.2663406358060942e-01 
   3.2685047634848574e-01 
   3.2707040209501526e-01 
   3.2729385254009102e-01 
   3.2752083910811147e-01 
   3.2775137292920353e-01 
   3.2798546484045477e-01 
   3.2822312538716403e-01 
   3.2846436482410368e-01 
   3.2870919311679569e-01 
   3.2895761994280182e-01 
   3.2920965469302632e-01 
   3.2946530647303385e-01 
   3.2972458410437622e-01 
   3.2998749612593614e-01 
   3.3025405079528070e-01 
   3.3052425609002745e-01 
   3.3079811970922379e-01 
   3.3107564907473575e-01 
   3.3135685133265214e-01 
   3.3164173335469505e-01 
   3.3193030173964633e-01 
   3.3222256281478146e-01 
   3.3251852263731752e-01 
   3.3281818699586718e-01 
   3.3312156141190818e-01 
   3.3342865114125875e-01 
   3.3373946117556508e-01 
   3.3405399624379939e-01 
   3.3437226081376337e-01 
   3.3469425909360573e-01 
   3.3501999503334756e-01 
   3.3534947232641310e-01 
   3.3568269441117460e-01 
   3.3601966447250164e-01 
   3.3636038544332031e-01 
   3.3670486000618088e-01 
   3.3705309059483174e-01 
   3.3740507939580383e-01 
   3.3776082834999827e-01 
   3.3812033915428635e-01 
   3.3848361326311188e-01 
   3.3885065189010466e-01 
   3.3922145600969716e-01 
   3.3959602635874930e-01 
   3.3997436343818033e-01 
   3.4035646751460447e-01 
   3.4074233862197528e-01 
   3.4113197656323407e-01 
   3.4152538091196344e-01 
   3.4192255101404712e-01 
   3.4232348598933565e-01 
   3.4272818473331518e-01 
   3.4313664591878240e-01 
   3.4354886799752316e-01 
   3.4396484920199683e-01 
   3.4438458754702389e-01 
   3.4480808083147685e-01 
   3.4523532663997719e-01 
   3.4566632234459382e-01 
   3.4610106510654676e-01 
   3.4653955187791208e-01 
   3.4698177940333252e-01 
   3.4742774422172851e-01 
   3.4787744266801468e-01 
   3.4833087087481579e-01 
   3.4878802477418785e-01 
   3.4924890009934101e-01 
   3.4971349238636229e-01 
   3.5018179697594320e-01 
   3.5065380901510740e-01 
   3.5112952345893933e-01 
   3.5160893507231794e-01 
   3.5209203843164505e-01 
   3.5257882792658196e-01 
   3.5306929776178231e-01 
   3.5356344195862599e-01 
   3.5406125435695635e-01 
   3.5456272861681487e-01 
   3.5506785822017767e-01 
   3.5557663647269150e-01 
   3.5608905650540995e-01 
   3.5660511127652961e-01 
   3.5712479357312371e-01 
   3.5764809601287961e-01 
   3.5817501104583127e-01 
   3.5870553095609226e-01 
   3.5923964786358914e-01 
   3.5977735372579173e-01 
   3.6031864033944294e-01 
   3.6086349934228712e-01 
   3.6141192221479651e-01 
   3.6196390028189634e-01 
   3.6251942471468723e-01 
   3.6307848653216651e-01 
   3.6364107660294670e-01 
   3.6420718564697141e-01 
   3.6477680423722975e-01 
   3.6534992280146672e-01 
   3.6592653162389221e-01 
   3.6650662084688523e-01 
   3.6709018047269804e-01 
   3.6767720036515406e-01 
   3.6826767025134333e-01 
   3.6886157972331601e-01 
   3.6945891823977045e-01 
   3.7005967512773830e-01 
   3.7066383958426558e-01 
   3.7127140067808995e-01 
   3.7188234735131392e-01 
   3.7249666842107293e-01 
   3.7311435258120085e-01 
   3.7373538840388881e-01 
   3.7435976434134133e-01 
   3.7498746872742678e-01 
   3.7561848977932233e-01 
   3.7625281559915574e-01 
   3.7689043417563961e-01 
   3.7753133338570344e-01 
   3.7817550099611741e-01 
   3.7882292466511203e-01 
   3.7947359194399310e-01 
   3.8012749027874926e-01 
   3.8078460701165467e-01 
   3.8144492938286567e-01 
   3.8210844453201143e-01 
   3.8277513949977937e-01 
   3.8344500122949160e-01 
   3.8411801656867883e-01 
   3.8479417227064450e-01 
   3.8547345499602481e-01 
   3.8615585131434005e-01 
   3.8684134770554168e-01 
   3.8752993056154972e-01 
   3.8822158618778518e-01 
   3.8891630080469519e-01 
   3.8961406054927017e-01 
   3.9031485147655487e-01 
   3.9101865956115106e-01 
   3.9172547069871327e-01 
   3.9243527070743794e-01 
   3.9314804532954251e-01 
   3.9386378023273988e-01 
   3.9458246101170297e-01 
   3.9530407318952243e-01 
   3.9602860221915548e-01 
   3.9675603348486815e-01 
   3.9748635230366813e-01 
   3.9821954392673026e-01 
   3.9895559354081245e-01 
   3.9969448626966619e-01 
   4.0043620717543449e-01 
   4.0118074126004516e-01 
   4.0192807346659315e-01 
   4.0267818868071498e-01 
   4.0343107173195497e-01 
   4.0418670739512164e-01 
   4.0494508039163635e-01 
   4.0570617539087173e-01 
   4.0646997701148263e-01 
   4.0723646982272699e-01 
   4.0800563834577741e-01 
   4.0877746705502471e-01 
   4.0955194037937093e-01 
   4.1032904270351378e-01 
   4.1110875836922167e-01 
   4.1189107167659872e-01 
   4.1267596688534142e-01 
   4.1346342821598414e-01 
   4.1425343985113683e-01 
   4.1504598593671171e-01 
   4.1584105058314053e-01 
   4.1663861786658257e-01 
   4.1743867183012284e-01 
   4.1824119648495917e-01 
   4.1904617581158060e-01 
   4.1985359376093651e-01 
   4.2066343425559294e-01 
   4.2147568119088258e-01 
   4.2229031843604098e-01 
   4.2310732983533539e-01 
   4.2392669920918202e-01 
   4.2474841035525429e-01 
   4.2557244704957825e-01 
   4.2639879304762118e-01 
   4.2722743208536701e-01 
   4.2805834788038316e-01 
   4.2889152413287535e-01 
   4.2972694452673404e-01 
   4.3056459273056791e-01 
   4.3140445239872965e-01 
   4.3224650717232810e-01 
   4.3309074068023273e-01 
   4.3393713654006538e-01 
   4.3478567835918275e-01 
   4.3563634973564708e-01 
   4.3648913425918745e-01 
   4.3734401551214908e-01 
   4.3820097707043293e-01 
   4.3906000250442384e-01 
   4.3992107537990843e-01 
   4.4078417925898145e-01 
   4.4164929770094291e-01 
   4.4251641426318195e-01 
   4.4338551250205205e-01 
   4.4425657597373458e-01 
   4.4512958823509124e-01 
   4.4600453284450575e-01 
   4.4688139336271437e-01 
   4.4776015335362707e-01 
   4.4864079638513532e-01 
   4.4952330602991047e-01 
   4.5040766586619130e-01 
   4.5129385947855971e-01 
   4.5218187045870639e-01 
   4.5307168240618467e-01 
   4.5396327892915445e-01 
   4.5485664364511380e-01 
   4.5575176018162089e-01 
   4.5664861217700381e-01 
   4.5754718328106092e-01 
   4.5844745715574808e-01 
   4.5934941747585745e-01 
   4.6025304792968280e-01 
   4.6115833221967562e-01 
   4.6206525406308974e-01 
   4.6297379719261461e-01 
   4.6388394535699834e-01 
   4.6479568232165891e-01 
   4.6570899186928560e-01 
   4.6662385780042814e-01 
   4.6754026393407611e-01 
   4.6845819410822642e-01 
   4.6937763218044126e-01 
   4.7029856202839326e-01 
   4.7122096755040188e-01 
   4.7214483266595719e-01 
   4.7307014131623371e-01 
   4.7399687746459318e-01 
   4.7492502509707679e-01 
   4.7585456822288608e-01 
   4.7678549087485356e-01 
   4.7771777710990226e-01 
   4.7865141100949499e-01 
   4.7958637668007204e-01 
   4.8052265825347928e-01 
   4.8146023988738451e-01 
   4.8239910576568390e-01 
   4.8333924009889806e-01 
   4.8428062712455622e-01 
   4.8522325110757081e-01 
   4.8616709634060212e-01 
   4.8711214714441065e-01 
   4.8805838786820072e-01 
   4.8900580288995255e-01 
   4.8995437661674435e-01 
   4.9090409348506392e-01 
   4.9185493796110974e-01 
   4.9280689454108201e-01 
   4.9375994775146337e-01 
   4.9471408214928891e-01 
   4.9566928232240637e-01 
   4.9662553288972644e-01 
   4.9758281850146158e-01 
   4.9854112383935656e-01 
   4.9950043361690766e-01 
   5.0046073257957180e-01 
   5.0142200550496663e-01 
   5.0238423720305914e-01 
   5.0334741251634640e-01 
   5.0431151632002413e-01 
   5.0527653352214708e-01 
   5.0624244906377924e-01 
   5.0720924791913324e-01 
   5.0817691509570184e-01 
   5.0914543563437831e-01 
   5.1011479460956766e-01 
   5.1108497712928846e-01 
   5.1205596833526468e-01 
   5.1302775340300866e-01 
   5.1400031754189401e-01 
   5.1497364599521966e-01 
   5.1594772404026390e-01 
   5.1692253698832979e-01 
   5.1789807018478107e-01 
   5.1887430900906906e-01 
   5.1985123887474904e-01 
   5.2082884522949091e-01 
   5.2180711355507625e-01 
   5.2278602936739038e-01 
   5.2376557821640324e-01 
   5.2474574568614174e-01 
   5.2572651739465448e-01 
   5.2670787899396565e-01 
   5.2768981617002253e-01 
   5.2867231464263165e-01 
   5.2965536016538950e-01 
   5.3063893852560184e-01 
   5.3162303554419643e-01 
   5.3260763707562597e-01 
   5.3359272900776433e-01 
   5.3457829726179262e-01 
   5.3556432779207785e-01 
   5.3655080658604426e-01 
   5.3753771966403485e-01 
   5.3852505307916632e-01 
   5.3951279291717480e-01 
   5.4050092529625493e-01 
   5.4148943636688951e-01 
   5.4247831231167276e-01 
   5.4346753934512537e-01 
   5.4445710371350153e-01 
   5.4544699169458810e-01 
   5.4643718959749765e-01 
   5.4742768376245232e-01 
   5.4841846056056143e-01 
   5.4940950639359076e-01 
   5.5040080769372579e-01 
   5.5139235092332650e-01 
   5.5238412257467584e-01 
   5.5337610916972024e-01 
   5.5436829725980441e-01 
   5.5536067342539808e-01 
   5.5635322427581613e-01 
   5.5734593644893204e-01 
   5.5833879661088526e-01 
   5.5933179145578016e-01 
   5.6032490770537979e-01 
   5.6131813210879333e-01 
   5.6231145144215600e-01 
   5.6330485250830331e-01 
   5.6429832213643871e-01 
   5.6529184718179548e-01 
   5.6628541452529135e-01 
   5.6727901107317835e-01 
   5.6827262375668597e-01 
   5.6926623953165834e-01 
   5.7025984537818619e-01 
   5.7125342830023151e-01 
   5.7224697532524826e-01 
   5.7324047350379659e-01 
   5.7423390990915113e-01 
   5.7522727163690468e-01 
   5.7622054580456583e-01 
   5.7721371955115153e-01 
   5.7820678003677439e-01 
   5.7919971444222373e-01 
   5.8019250996854443e-01 
   5.8118515383660696e-01 
   5.8217763328667538e-01 
   5.8316993557796892e-01 
   5.8416204798821980e-01 
   5.8515395781322488e-01 
   5.8614565236639438e-01 
   5.8713711897829468e-01 
   5.8812834499618771e-01 
   5.8911931778356486e-01 
   5.9011002471967755e-01 
   5.9110045319906279e-01 
   5.9209059063106539e-01 
   5.9308042443935460e-01 
   5.9406994206143915e-01 
   5.9505913094817597e-01 
   5.9604797856327596e-01 
   5.9703647238280710e-01 
   5.9802459989469181e-01 
   5.9901234859820240e-01 
   5.9999970600345220e-01 
   6.0098665963088371e-01 
   6.0197319701075225e-01 
   6.0295930568260836e-01 
   6.0394497319477547e-01 
   6.0493018710382396e-01 
   6.0591493497404492e-01 
   6.0689920437691702e-01 
   6.0788298289057452e-01 
   6.0886625809926931e-01 
   6.0984901759283228e-01 
   6.1083124896613061e-01 
   6.1181293981852469e-01 
   6.1279407775331940e-01 
   6.1377465037721590e-01 
   6.1475464529975987e-01 
   6.1573405013278792e-01 
   6.1671285248987096e-01 
   6.1769103998575692e-01 
   6.1866860023581094e-01 
   6.1964552085545288e-01 
   6.2062178945959501e-01 
   6.2159739366207567e-01 
   6.2257232107509275e-01 
   6.2354655930863612e-01 
   6.2452009596991642e-01 
   6.2549291866279555e-01 
   6.2646501498721241e-01 
   6.2743637253861118e-01 
   6.2840697890736508e-01 
   6.2937682167820164e-01 
   6.3034588842962513e-01 
   6.3131416673333995e-01 
   6.3228164415367172e-01 
   6.3324830824698830e-01 
   6.3421414656112052e-01 
   6.3517914663478159e-01 
   6.3614329599698727e-01 
   6.3710658216647431e-01 
   6.3806899265111938e-01 
   6.3903051494735830e-01 
   6.3999113653960393e-01 
   6.4095084489966503e-01 
   6.4190962748616509e-01 
   6.4286747174396019e-01 
   6.4382436510355978e-01 
   6.4478029498054412e-01 
   6.4573524877498556e-01 
   6.4668921387086731e-01 
   6.4764217763550636e-01 
   6.4859412741897238e-01 
   6.4954505055351219e-01 
   6.5049493435297190e-01 
   6.5144376611222077e-01 
   6.5239153310657594e-01 
   6.5333822259122998e-01 
   6.5428382180067601e-01 
   6.5522831794813818e-01 
   6.5617169822499966e-01 
   6.5711394980023541e-01 
   6.5805505981984358e-01 
   6.5899501540628114e-01 
   6.5993380365789855e-01 
   6.6087141164837848e-01 
   6.6180782642617442e-01 
   6.6274303501395315e-01 
   6.6367702440803722e-01 
   6.6460978157785111e-01 
   6.6554129346536850e-01 
   6.6647154698456257e-01 
   6.6740052902085800e-01 
   6.6832822643058554e-01 
   6.6925462604043928e-01 
   6.7017971464693615e-01 
   6.7110347901587852e-01 
   6.7202590588181943e-01 
   6.7294698194752955e-01 
   6.7386669388346920e-01 
   6.7478502832726139e-01 
   6.7570197188316816e-01 
   6.7661751112157231e-01 
   6.7753163257845794e-01 
   6.7844432275489908e-01 
   6.7935556811654862e-01 
   6.8026535509313157e-01 
   6.8117367007794183e-01 
   6.8208049942734328e-01 
   6.8298582946027231e-01 
   6.8388964645774786e-01 
   6.8479193666238147e-01 
   6.8569268627789326e-01 
   6.8659188146863204e-01 
   6.8748950835909906e-01 
   6.8838555303347526e-01 
   6.8928000153515367e-01 
   6.9017283986627675e-01 
   6.9106405398727544e-01 
   6.9195362981641617e-01 
   6.9284155322934993e-01 
   6.9372781005866679e-01 
   6.9461238609345499e-01 
   6.9549526707886522e-01 
   6.9637643871567922e-01 
   6.9725588665988325e-01 
   6.9813359652224749e-01 
   6.9900955386790886e-01 
   6.9988374421596100e-01 
   7.0075615303904715e-01 
   7.0162676576296112e-01 
   7.0249556776625099e-01 
   7.0336254437982948e-01 
   7.0422768088659016e-01 
   7.0509096252102821e-01 
   7.0595237446886805e-01 
   7.0681190186669562e-01 
   7.0766952980159747e-01 
   7.0852524331080391e-01 
   7.0937902738134062e-01 
   7.1023086694968462e-01 
   7.1108074690142653e-01 
   7.1192865207093914e-01 
   7.1277456724105270e-01 
   7.1361847714273474e-01 
   7.1446036645477951e-01 
   7.1530021980349989e-01 
   7.1613802176242913e-01 
   7.1697375685202658e-01 
   7.1780740953939226e-01 
   7.1863896423798734e-01 
   7.1946840530735900e-01 
   7.2029571705287743e-01 
   7.2112088372547323e-01 
   7.2194388952138833e-01 
   7.2276471858192770e-01 
   7.2358335499322324e-01 
   7.2439978278600203e-01 
   7.2521398593536157e-01 
   7.2602594836055456e-01 
   7.2683565392477867e-01 
   7.2764308643497533e-01 
   7.2844822964163503e-01 
   7.2925106723860966e-01 
   7.3005158286293459e-01 
   7.3084976009465596e-01 
   7.3164558245666711e-01 
   7.3243903341455219e-01 
   7.3323009637643777e-01 
   7.3401875469285216e-01 
   7.3480499165659330e-01 
   7.3558879050260306e-01 
   7.3637013440785215e-01 
   7.3714900649123039e-01 
   7.3792538981344658e-01 
   7.3869926737693703e-01 
   7.3947062212578052e-01 
   7.4023943694562444e-01 
   7.4100569466361554e-01 
   7.4176937804834320e-01 
   7.4253046980978743e-01 
   7.4328895259927785e-01 
   7.4404480900946179e-01 
   7.4479802157427599e-01 
   7.4554857276893527e-01 
   7.4629644500992243e-01 
   7.4704162065499036e-01 
   7.4778408200317315e-01 
   7.4852381129480539e-01 
   7.4926079071154894e-01 
   7.4999500237643191e-01 
   7.5072642835389403e-01 
   7.5145505064984131e-01 
   7.5218085121171208e-01 
   7.5290381192854861e-01 
   7.5362391463108014e-01 
   7.5434114109181627e-01 
   7.5505547302514586e-01 
   7.5576689208744918e-01 
   7.5647537987721691e-01 
   7.5718091793517972e-01 
   7.5788348774444603e-01 
   7.5858307073065168e-01 
   7.5927964826211580e-01 
   7.5997320165000870e-01 
   7.6066371214852935e-01 
   7.6135116095508926e-01 
   7.6203552921051199e-01 
   7.6271679799923509e-01 
   7.6339494834952815e-01 
   7.6406996123371662e-01 
   7.6474181756841686e-01 
   7.6541049821478124e-01 
   7.6607598397875165e-01 
   7.6673825561132536e-01 
   7.6739729380882793e-01 
   7.6805307921319799e-01 
   7.6870559241228176e-01 
   7.6935481394013616e-01 
   7.7000072427734434e-01 
   7.7064330385133828e-01 
   7.7128253303673500e-01 
   7.7191839215567903e-01 
   7.7255086147819707e-01 
   7.7317992122256385e-01 
   7.7380555155567610e-01 
   7.7442773259343634e-01 
   7.7504644440114945e-01 
   7.7566166699392747e-01 
   7.7627338033710436e-01 
   7.7688156434666289e-01 
   7.7748619888966997e-01 
   7.7808726378472193e-01 
   7.7868473880240319e-01 
   7.7927860366575086e-01 
   7.7986883805073404e-01 
   7.8045542158673920e-01 
   7.8103833385706944e-01 
   7.8161755439945169e-01 
   7.8219306270655564e-01 
   7.8276483822652332e-01 
   7.8333286036350658e-01 
   7.8389710847821781e-01 
   7.8445756188849081e-01 
   7.8501419986984922e-01 
   7.8556700165608828e-01 
   7.8611594643986682e-01 
   7.8666101337330707e-01 
   7.8720218156860788e-01 
   7.8773943009866709e-01 
   7.8827273799771369e-01 
   7.8880208426195098e-01 
   7.8932744785021114e-01 
   7.8984880768461818e-01 
   7.9036614265126237e-01 
   7.9087943160088581e-01 
   7.9138865334957653e-01 
   7.9189378667947474e-01 
   7.9239481033948800e-01 
   7.9289170304601830e-01 
   7.9338444348369774e-01 
   7.9387301030613622e-01 
   7.9435738213667761e-01 
   7.9483753756916831e-01 
   7.9531345516873497e-01 
   7.9578511347257175e-01 
   7.9625249099073914e-01 
   7.9671556620697348e-01 
   7.9717431757950408e-01 
   7.9762872354188397e-01 
   7.9807876250382770e-01 
   7.9852441285206133e-01 
   7.9896565295118327e-01 
   7.9940246114453173e-01 
   7.9983481575506610e-01 
   8.0026269508625669e-01 
   8.0068607742298326e-01 
   8.0110494103244767e-01 
   8.0151926416509123e-01 
   8.0192902505552599e-01 
