   9.4980636158944076e+00 
   9.4961294945558272e+00 
   9.4941976824867709e+00 
   9.4922682262363107e+00 
   9.4903411723995497e+00 
   9.4884165676171168e+00 
   9.4864944585746453e+00 
   9.4845748920022590e+00 
   9.4826579146740642e+00 
   9.4807435734076382e+00 
   9.4788319150635090e+00 
   9.4769229865446629e+00 
   9.4750168347960173e+00 
   9.4731135068039265e+00 
   9.4712130495956739e+00 
   9.4693155102389568e+00 
   9.4674209358413979e+00 
   9.4655293735500283e+00 
   9.4636408705507886e+00 
   9.4617554740680330e+00 
   9.4598732313640230e+00 
   9.4579941897384305e+00 
   9.4561183965278381e+00 
   9.4542458991052456e+00 
   9.4523767448795670e+00 
   9.4505109812951407e+00 
   9.4486486558312315e+00 
   9.4467898160015373e+00 
   9.4449345093536987e+00 
   9.4430827834688067e+00 
   9.4412346859609020e+00 
   9.4393902644765006e+00 
   9.4375495666940967e+00 
   9.4357126403236720e+00 
   9.4338795331062073e+00 
   9.4320502928131997e+00 
   9.4302249672461773e+00 
   9.4284036042362089e+00 
   9.4265862516434211e+00 
   9.4247729573565131e+00 
   9.4229637692922772e+00 
   9.4211587353951085e+00 
   9.4193579036365342e+00 
   9.4175613220147198e+00 
   9.4157690385539965e+00 
   9.4139811013043726e+00 
   9.4121975583410649e+00 
   9.4104184577640080e+00 
   9.4086438476973839e+00 
   9.4068737762891352e+00 
   9.4051082917104942e+00 
   9.4033474421555052e+00 
   9.4015912758405342e+00 
   9.3998398410038142e+00 
   9.3980931859049495e+00 
   9.3963513588244432e+00 
   9.3946144080632248e+00 
   9.3928823819421776e+00 
   9.3911553288016449e+00 
   9.3894332970009806e+00 
   9.3877163349180481e+00 
   9.3860044909487623e+00 
   9.3842978135066026e+00 
   9.3825963510221406e+00 
   9.3809001519425710e+00 
   9.3792092647312213e+00 
   9.3775237378670884e+00 
   9.3758436198443551e+00 
   9.3741689591719144e+00 
   9.3724998043728949e+00 
   9.3708362039841830e+00 
   9.3691782065559419e+00 
   9.3675258606511367e+00 
   9.3658792148450534e+00 
   9.3642383177248245e+00 
   9.3626032178889389e+00 
   9.3609739639467779e+00 
   9.3593506045181147e+00 
   9.3577331882326504e+00 
   9.3561217637295204e+00 
   9.3545163796568147e+00 
   9.3529170846710930e+00 
   9.3513239274369031e+00 
   9.3497369566262911e+00 
   9.3481562209183089e+00 
   9.3465817689985418e+00 
   9.3450136495586040e+00 
   9.3434519112956576e+00 
   9.3418966029119161e+00 
   9.3403477731141500e+00 
   9.3388054706131971e+00 
   9.3372697441234678e+00 
   9.3357406423624383e+00 
   9.3342182140501642e+00 
   9.3327025079087740e+00 
   9.3311935726619630e+00 
   9.3296914570344978e+00 
   9.3281962097517095e+00 
   9.3267078795389757e+00 
   9.3252265151212317e+00 
   9.3237521652224373e+00 
   9.3222848785650783e+00 
   9.3208247038696435e+00 
   9.3193716898541155e+00 
   9.3179258852334428e+00 
   9.3164873387190195e+00 
   9.3150560990181681e+00 
   9.3136322148336017e+00 
   9.3122157348629013e+00 
   9.3108067077979868e+00 
   9.3094051823245785e+00 
   9.3080112071216590e+00 
   9.3066248308609314e+00 
   9.3052461022062918e+00 
   9.3038750698132571e+00 
   9.3025117823284447e+00 
   9.3011562883890004e+00 
   9.2998086366220569e+00 
   9.2984688756441631e+00 
   9.2971370540607392e+00 
   9.2958132204654955e+00 
   9.2944974234398767e+00 
   9.2931897115524826e+00 
   9.2918901333584998e+00 
   9.2905987373991206e+00 
   9.2893155722009553e+00 
   9.2880406862754548e+00 
   9.2867741281183172e+00 
   9.2855159462088892e+00 
   9.2842661890095783e+00 
   9.2830249049652380e+00 
   9.2817921425025780e+00 
   9.2805679500295319e+00 
   9.2793523759346641e+00 
   9.2781454685865370e+00 
   9.2769472763330931e+00 
   9.2757578475010263e+00 
   9.2745772303951419e+00 
   9.2734054732977302e+00 
   9.2722426244679177e+00 
   9.2710887321410187e+00 
   9.2699438445278854e+00 
   9.2688080098142471e+00 
   9.2676812761600562e+00 
   9.2665636916988081e+00 
   9.2654553045368750e+00 
   9.2643561627528346e+00 
   9.2632663143967626e+00 
   9.2621858074895709e+00 
   9.2611146900222963e+00 
   9.2600530099554028e+00 
   9.2590008152180729e+00 
   9.2579581537075022e+00 
   9.2569250732881692e+00 
   9.2559016217911196e+00 
   9.2548878470132365e+00 
   9.2538837967164902e+00 
   9.2528895186272138e+00 
   9.2519050604353374e+00 
   9.2509304697936390e+00 
   9.2499657943169780e+00 
   9.2490110815815321e+00 
   9.2480663791240136e+00 
   9.2471317344408881e+00 
   9.2462071949875888e+00 
   9.2452928081777124e+00 
   9.2443886213822211e+00 
   9.2434946819286221e+00 
   9.2426110371001649e+00 
   9.2417377341349951e+00 
   9.2408748202253417e+00 
   9.2400223425166530e+00 
   9.2391803481067729e+00 
   9.2383488840450614e+00 
   9.2375279973315489e+00 
   9.2367177349160539e+00 
   9.2359181436973010e+00 
   9.2351292705220480e+00 
   9.2343511621841667e+00 
   9.2335838654237641e+00 
   9.2328274269262440e+00 
   9.2320818933214071e+00 
   9.2313473111825104e+00 
   9.2306237270253337e+00 
   9.2299111873072306e+00 
   9.2292097384261709e+00 
   9.2285194267197870e+00 
   9.2278402984643826e+00 
   9.2271723998739716e+00 
   9.2265157770992694e+00 
   9.2258704762267030e+00 
   9.2252365432774006e+00 
   9.2246140242061703e+00 
   9.2240029649004658e+00 
   9.2234034111793690e+00 
   9.2228154087925152e+00 
   9.2222390034190642e+00 
   9.2216742406666086e+00 
   9.2211211660701213e+00 
   9.2205798250908479e+00 
   9.2200502631152279e+00 
   9.2195325254537757e+00 
   9.2190266573399775e+00 
   9.2185327039291494e+00 
   9.2180507102973159e+00 
   9.2175807214400507e+00 
   9.2171227822713320e+00 
   9.2166769376223634e+00 
   9.2162432322404015e+00 
   9.2158217107875640e+00 
   9.2154124178396337e+00 
   9.2150153978848461e+00 
   9.2146306953226684e+00 
   9.2142583544625687e+00 
   9.2138984195227653e+00 
   9.2135509346289872e+00 
   9.2132159438131911e+00 
   9.2128934910123004e+00 
   9.2125836200669102e+00 
   9.2122863747199872e+00 
   9.2120017986155585e+00 
   9.2117299352973969e+00 
   9.2114708282076752e+00 
   9.2112245206856382e+00 
   9.2109910559662271e+00 
   9.2107704771787215e+00 
   9.2105628273453579e+00 
   9.2103681493799385e+00 
   9.2101864860864211e+00 
   9.2100178801575101e+00 
   9.2098623741732233e+00 
   9.2097200105994581e+00 
   9.2095908317865263e+00 
   9.2094748799677060e+00 
   9.2093721972577551e+00 
   9.2092828256514210e+00 
   9.2092068070219426e+00 
   9.2091441831195358e+00 
   9.2090949955698669e+00 
   9.2090592858725167e+00 
   9.2090370953994203e+00 
   9.2090284653933132e+00 
   9.2090334369661466e+00 
   9.2090520510975029e+00 
   9.2090843486329934e+00 
   9.2091303702826366e+00 
   9.2091901566192451e+00 
   9.2092637480767632e+00 
   9.2093511849486340e+00 
   9.2094525073861195e+00 
   9.2095677553966269e+00 
   9.2096969688420174e+00 
   9.2098401874368925e+00 
   9.2099974507468847e+00 
   9.2101687981869187e+00 
   9.2103542690194686e+00 
   9.2105539023528049e+00 
   9.2107677371392143e+00 
   9.2109958121732145e+00 
   9.2112381660897711e+00 
   9.2114948373624657e+00 
   9.2117658643016878e+00 
   9.2120512850527891e+00 
   9.2123511375942293e+00 
   9.2126654597357245e+00 
   9.2129942891163505e+00 
   9.2133376632026689e+00 
   9.2136956192868169e+00 
   9.2140681944845770e+00 
   9.2144554257334619e+00 
   9.2148573497907638e+00 
   9.2152740032315954e+00 
   9.2157054224469110e+00 
   9.2161516436415365e+00 
   9.2166127028321529e+00 
   9.2170886358452986e+00 
   9.2175794783153364e+00 
   9.2180852656824150e+00 
   9.2186060331904134e+00 
   9.2191418158848872e+00 
   9.2196926486109678e+00 
   9.2202585660112906e+00 
   9.2208396025238777e+00 
   9.2214357923800172e+00 
   9.2220471696021349e+00 
   9.2226737680016466e+00 
   9.2233156211767966e+00 
   9.2239727625104866e+00 
   9.2246452251680857e+00 
   9.2253330420952331e+00 
   9.2260362460156280e+00 
   9.2267548694287989e+00 
   9.2274889446078685e+00 
   9.2282385035972929e+00 
   9.2290035782106106e+00 
   9.2297842000281491e+00 
   9.2305804003947376e+00 
   9.2313922104174111e+00 
   9.2322196609630840e+00 
   9.2330627826562193e+00 
   9.2339216058764890e+00 
   9.2347961607564173e+00 
   9.2356864771790086e+00 
   9.2365925847753729e+00 
   9.2375145129223295e+00 
   9.2384522907399873e+00 
   9.2394059470893470e+00 
   9.2403755105698551e+00 
   9.2413610095169645e+00 
   9.2423624719996802e+00 
   9.2433799258180809e+00 
   9.2444133985008516e+00 
   9.2454629173027847e+00 
   9.2465285092022711e+00 
   9.2476102008987908e+00 
   9.2487080188103796e+00 
   9.2498219890710871e+00 
   9.2509521375284347e+00 
   9.2520984897408400e+00 
   9.2532610709750465e+00 
   9.2544399062035367e+00 
   9.2556350201019377e+00 
   9.2568464370464039e+00 
   9.2580741811110077e+00 
   9.2593182760651001e+00 
   9.2605787453706689e+00 
   9.2618556121796907e+00 
   9.2631488993314655e+00 
   9.2644586293499351e+00 
   9.2657848244410186e+00 
   9.2671275064898868e+00 
   9.2684866970582913e+00 
   9.2698624173818214e+00 
   9.2712546883671934e+00 
   9.2726635305895151e+00 
   9.2740889642895343e+00 
   9.2755310093708907e+00 
   9.2769896853973499e+00 
   9.2784650115900327e+00 
   9.2799570068246293e+00 
   9.2814656896286110e+00 
   9.2829910781784317e+00 
   9.2845331902967132e+00 
   9.2860920434494343e+00 
   9.2876676547431067e+00 
   9.2892600409219330e+00 
   9.2908692183649695e+00 
   9.2924952030832788e+00 
   9.2941380107170737e+00 
   9.2957976565328408e+00 
   9.2974741554204829e+00 
   9.2991675218904302e+00 
   9.3008777700707537e+00 
   9.3026049137042808e+00 
   9.3043489661456817e+00 
   9.3061099403585672e+00 
   9.3078878489125874e+00 
   9.3096827039804957e+00 
   9.3114945173352339e+00 
   9.3133233003469940e+00 
   9.3151690639802940e+00 
   9.3170318187910226e+00 
   9.3189115749235008e+00 
   9.3208083421075294e+00 
   9.3227221296554266e+00 
   9.3246529464590804e+00 
   9.3266008009869630e+00 
   9.3285657012811853e+00 
   9.3305476549545023e+00 
   9.3325466691873551e+00 
   9.3345627507248761e+00 
   9.3365959058739136e+00 
   9.3386461405000443e+00 
   9.3407134600245865e+00 
   9.3427978694216005e+00 
   9.3448993732149113e+00 
   9.3470179754750937e+00 
   9.3491536798164887e+00 
   9.3513064893942062e+00 
   9.3534764069011143e+00 
   9.3556634345648444e+00 
   9.3578675741447945e+00 
   9.3600888269291200e+00 
   9.3623271937317369e+00 
   9.3645826748893164e+00 
   9.3668552702582826e+00 
   9.3691449792118195e+00 
   9.3714518006368639e+00 
   9.3737757329311009e+00 
   9.3761167739999838e+00 
   9.3784749212537211e+00 
   9.3808501716042940e+00 
   9.3832425214624600e+00 
   9.3856519667347680e+00 
   9.3880785028205658e+00 
   9.3905221246090260e+00 
   9.3929828264761586e+00 
   9.3954606022818457e+00 
   9.3979554453668630e+00 
   9.4004673485499097e+00 
   9.4029963041246596e+00 
   9.4055423038567856e+00 
   9.4081053389810325e+00 
   9.4106854001982416e+00 
   9.4132824776724355e+00 
   9.4158965610278749e+00 
   9.4185276393461255e+00 
   9.4211757011631505e+00 
   9.4238407344663830e+00 
   9.4265227266918323e+00 
   9.4292216647211831e+00 
   9.4319375348789070e+00 
   9.4346703229293762e+00 
   9.4374200140740001e+00 
   9.4401865929483559e+00 
   9.4429700436193453e+00 
   9.4457703495823377e+00 
   9.4485874937583532e+00 
   9.4514214584912288e+00 
   9.4542722255448144e+00 
   9.4571397761001759e+00 
   9.4600240907527944e+00 
   9.4629251495098039e+00 
   9.4658429317872343e+00 
   9.4687774164072351e+00 
   9.4717285815953662e+00 
   9.4746964049778608e+00 
   9.4776808635789145e+00 
   9.4806819338180013e+00 
   9.4836995915071824e+00 
   9.4867338118484454e+00 
   9.4897845694310519e+00 
   9.4928518382289120e+00 
   9.4959355915979522e+00 
   9.4990358022735304e+00 
   9.5021524423678372e+00 
   9.5052854833673344e+00 
   9.5084348961302165e+00 
   9.5116006508838584e+00 
   9.5147827172223209e+00 
   9.5179810641038536e+00 
   9.5211956598484111e+00 
   9.5244264721352128e+00 
   9.5276734680002964e+00 
   9.5309366138341129e+00 
   9.5342158753791306e+00 
   9.5375112177274612e+00 
   9.5408226053185103e+00 
   9.5441500019366590e+00 
   9.5474933707089438e+00 
   9.5508526741027868e+00 
   9.5542278739237307e+00 
   9.5576189313132058e+00 
   9.5610258067463185e+00 
   9.5644484600296629e+00 
   9.5678868502991712e+00 
   9.5713409360179593e+00 
   9.5748106749742306e+00 
   9.5782960242791866e+00 
   9.5817969403649741e+00 
   9.5853133789826508e+00 
   9.5888452952001817e+00 
   9.5923926434004763e+00 
   9.5959553772794255e+00 
   9.5995334498439959e+00 
   9.6031268134103360e+00 
   9.6067354196019235e+00 
   9.6103592193477319e+00 
   9.6139981628804279e+00 
   9.6176521997346196e+00 
   9.6213212787451035e+00 
   9.6250053480451658e+00 
   9.6287043550649187e+00 
   9.6324182465296477e+00 
   9.6361469684582151e+00 
   9.6398904661614804e+00 
   9.6436486842407660e+00 
   9.6474215665863454e+00 
   9.6512090563759791e+00 
   9.6550110960734798e+00 
   9.6588276274273017e+00 
   9.6626585914691923e+00 
   9.6665039285128564e+00 
   9.6703635781526582e+00 
   9.6742374792623824e+00 
   9.6781255699940107e+00 
   9.6820277877765406e+00 
   9.6859440693148535e+00 
   9.6898743505886067e+00 
   9.6938185668511743e+00 
   9.6977766526286349e+00 
   9.7017485417187679e+00 
   9.7057341671901369e+00 
   9.7097334613811714e+00 
   9.7137463558993247e+00 
   9.7177727816202353e+00 
   9.7218126686869741e+00 
   9.7258659465092965e+00 
   9.7299325437629598e+00 
   9.7340123883890772e+00 
   9.7381054075935101e+00 
   9.7422115278463188e+00 
   9.7463306748812428e+00 
   9.7504627736952347e+00 
   9.7546077485480325e+00 
   9.7587655229617916e+00 
   9.7629360197207440e+00 
   9.7671191608709194e+00 
   9.7713148677199015e+00 
   9.7755230608366492e+00 
   9.7797436600513397e+00 
   9.7839765844552833e+00 
   9.7882217524008706e+00 
   9.7924790815015843e+00 
   9.7967484886320406e+00 
   9.8010298899280990e+00 
   9.8053232007870061e+00 
   9.8096283358676040e+00 
   9.8139452090905781e+00 
   9.8182737336387618e+00 
   9.8226138219574892e+00 
   9.8269653857550097e+00 
   9.8313283360029331e+00 
   9.8357025829367508e+00 
   9.8400880360563967e+00 
   9.8444846041268601e+00 
   9.8488921951788644e+00 
   9.8533107165095810e+00 
   9.8577400746834165e+00 
   9.8621801755328367e+00 
   9.8666309241592618e+00 
   9.8710922249340030e+00 
   9.8755639814992655e+00 
   9.8800460967691937e+00 
   9.8845384729309895e+00 
   9.8890410114460749e+00 
   9.8935536130513100e+00 
   9.8980761777602808e+00 
   9.9026086048646285e+00 
   9.9071507929354432e+00 
   9.9117026398247212e+00 
   9.9162640426668744e+00 
   9.9208348978802885e+00 
   9.9254151011689622e+00 
   9.9300045475241845e+00 
   9.9346031312262841e+00 
   9.9392107458464274e+00 
   9.9438272842484867e+00 
   9.9484526385909664e+00 
   9.9530867003289742e+00 
   9.9577293602162769e+00 
   9.9623805083074046e+00 
   9.9670400339597993e+00 
   9.9717078258360665e+00 
   9.9763837719062387e+00 
   9.9810677594501378e+00 
   9.9857596750597768e+00 
   9.9904594046418467e+00 
   9.9951668334202228e+00 
   9.9998818459385923e+00 
   1.0004604326063088e+01 
   1.0009334156985021e+01 
   1.0014071221223661e+01 
   1.0018815400629087e+01 
   1.0023566576385086e+01 
   1.0028324629012133e+01 
   1.0033089438370432e+01 
   1.0037860883663001e+01 
   1.0042638843438842e+01 
   1.0047423195596169e+01 
   1.0052213817385699e+01 
   1.0057010585413995e+01 
   1.0061813375646897e+01 
   1.0066622063412993e+01 
   1.0071436523407177e+01 
   1.0076256629694246e+01 
   1.0081082255712579e+01 
   1.0085913274277884e+01 
   1.0090749557586987e+01 
   1.0095590977221709e+01 
   1.0100437404152801e+01 
   1.0105288708743931e+01 
   1.0110144760755748e+01 
   1.0115005429350019e+01 
   1.0119870583093805e+01 
   1.0124740089963723e+01 
   1.0129613817350263e+01 
   1.0134491632062179e+01 
   1.0139373400330935e+01 
   1.0144258987815212e+01 
   1.0149148259605496e+01 
   1.0154041080228719e+01 
   1.0158937313652958e+01 
   1.0163836823292218e+01 
   1.0168739472011264e+01 
   1.0173645122130521e+01 
   1.0178553635431040e+01 
   1.0183464873159521e+01 
   1.0188378696033416e+01 
   1.0193294964246078e+01 
   1.0198213537471986e+01 
   1.0203134274872035e+01 
   1.0208057035098866e+01 
   1.0212981676302299e+01 
   1.0217908056134794e+01 
   1.0222836031756994e+01 
   1.0227765459843329e+01 
   1.0232696196587678e+01 
   1.0237628097709091e+01 
   1.0242561018457589e+01 
   1.0247494813620003e+01 
   1.0252429337525898e+01 
   1.0257364444053545e+01 
   1.0262299986635963e+01 
   1.0267235818267006e+01 
   1.0272171791507539e+01 
   1.0277107758491645e+01 
   1.0282043570932920e+01 
   1.0286979080130802e+01 
   1.0291914136976988e+01 
   1.0296848591961888e+01 
   1.0301782295181145e+01 
   1.0306715096342224e+01 
   1.0311646844771055e+01 
   1.0316577389418716e+01 
   1.0321506578868213e+01 
   1.0326434261341280e+01 
   1.0331360284705267e+01 
   1.0336284496480051e+01 
   1.0341206743845047e+01 
   1.0346126873646242e+01 
   1.0351044732403293e+01 
   1.0355960166316693e+01 
   1.0360873021274983e+01 
   1.0365783142862012e+01 
   1.0370690376364273e+01 
   1.0375594566778268e+01 
   1.0380495558817950e+01 
   1.0385393196922198e+01 
   1.0390287325262369e+01 
   1.0395177787749867e+01 
   1.0400064428043812e+01 
   1.0404947089558714e+01 
   1.0409825615472228e+01 
   1.0414699848732944e+01 
   1.0419569632068246e+01 
   1.0424434807992192e+01 
   1.0429295218813479e+01 
   1.0434150706643418e+01 
   1.0439001113403988e+01 
   1.0443846280835922e+01 
   1.0448686050506851e+01 
   1.0453520263819474e+01 
   1.0458348762019808e+01 
   1.0463171386205440e+01 
   1.0467987977333870e+01 
   1.0472798376230855e+01 
   1.0477602423598839e+01 
   1.0482399960025377e+01 
   1.0487190825991656e+01 
   1.0491974861881012e+01 
   1.0496751907987516e+01 
   1.0501521804524584e+01 
   1.0506284391633647e+01 
   1.0511039509392830e+01 
   1.0515786997825701e+01 
   1.0520526696910043e+01 
   1.0525258446586653e+01 
   1.0529982086768204e+01 
   1.0534697457348120e+01 
   1.0539404398209498e+01 
   1.0544102749234053e+01 
   1.0548792350311118e+01 
   1.0553473041346651e+01 
   1.0558144662272298e+01 
   1.0562807053054467e+01 
   1.0567460053703453e+01 
   1.0572103504282573e+01 
   1.0576737244917348e+01 
   1.0581361115804704e+01 
   1.0585974957222200e+01 
   1.0590578609537294e+01 
   1.0595171913216623e+01 
   1.0599754708835302e+01 
   1.0604326837086287e+01 
   1.0608888138789704e+01 
   1.0613438454902248e+01 
   1.0617977626526583e+01 
   1.0622505494920775e+01 
   1.0627021901507723e+01 
   1.0631526687884639e+01 
   1.0636019695832537e+01 
   1.0640500767325721e+01 
   1.0644969744541321e+01 
   1.0649426469868821e+01 
   1.0653870785919624e+01 
   1.0658302535536608e+01 
   1.0662721561803721e+01 
   1.0667127708055560e+01 
   1.0671520817886998e+01 
   1.0675900735162790e+01 
   1.0680267304027202e+01 
   1.0684620368913665e+01 
   1.0688959774554398e+01 
   1.0693285365990089e+01 
   1.0697596988579537e+01 
   1.0701894488009334e+01 
   1.0706177710303532e+01 
   1.0710446501833317e+01 
   1.0714700709326699e+01 
   1.0718940179878185e+01 
   1.0723164760958470e+01 
   1.0727374300424120e+01 
   1.0731568646527251e+01 
   1.0735747647925216e+01 
   1.0739911153690286e+01 
   1.0744059013319326e+01 
   1.0748191076743463e+01 
   1.0752307194337757e+01 
   1.0756407216930860e+01 
   1.0760490995814678e+01 
   1.0764558382753998e+01 
   1.0768609229996144e+01 
   1.0772643390280590e+01 
   1.0776660716848589e+01 
   1.0780661063452756e+01 
   1.0784644284366680e+01 
   1.0788610234394485e+01 
   1.0792558768880399e+01 
   1.0796489743718302e+01 
   1.0800403015361246e+01 
   1.0804298440830976e+01 
   1.0808175877727409e+01 
   1.0812035184238129e+01 
   1.0815876219147810e+01 
   1.0819698841847670e+01 
   1.0823502912344868e+01 
   1.0827288291271888e+01 
   1.0831054839895897e+01 
   1.0834802420128080e+01 
   1.0838530894532955e+01 
   1.0842240126337638e+01 
   1.0845929979441099e+01 
   1.0849600318423386e+01 
   1.0853251008554814e+01 
   1.0856881915805124e+01 
   1.0860492906852610e+01 
   1.0864083849093211e+01 
   1.0867654610649568e+01 
   1.0871205060380053e+01 
   1.0874735067887753e+01 
   1.0878244503529418e+01 
   1.0881733238424374e+01 
   1.0885201144463396e+01 
   1.0888648094317544e+01 
   1.0892073961446940e+01 
   1.0895478620109538e+01 
   1.0898861945369806e+01 
   1.0902223813107408e+01 
   1.0905564100025812e+01 
   1.0908882683660860e+01 
   1.0912179442389291e+01 
   1.0915454255437229e+01 
   1.0918707002888596e+01 
   1.0921937565693490e+01 
   1.0925145825676532e+01 
   1.0928331665545118e+01 
   1.0931494968897658e+01 
   1.0934635620231740e+01 
   1.0937753504952250e+01 
   1.0940848509379428e+01 
   1.0943920520756878e+01 
   1.0946969427259512e+01 
   1.0949995118001448e+01 
   1.0952997483043829e+01 
   1.0955976413402608e+01 
   1.0958931801056256e+01 
   1.0961863538953406e+01 
   1.0964771521020449e+01 
   1.0967655642169058e+01 
   1.0970515798303646e+01 
   1.0973351886328768e+01 
   1.0976163804156451e+01 
   1.0978951450713454e+01 
   1.0981714725948475e+01 
   1.0984453530839270e+01 
   1.0987167767399725e+01 
   1.0989857338686843e+01 
   1.0992522148807659e+01 
   1.0995162102926104e+01 
   1.0997777107269767e+01 
   1.1000367069136615e+01 
   1.1002931896901611e+01 
   1.1005471500023287e+01 
   1.1007985789050210e+01 
   1.1010474675627401e+01 
   1.1012938072502665e+01 
   1.1015375893532832e+01 
   1.1017788053689950e+01 
   1.1020174469067364e+01 
   1.1022535056885749e+01 
   1.1024869735499037e+01 
   1.1027178424400272e+01 
   1.1029461044227403e+01 
   1.1031717516768948e+01 
   1.1033947764969634e+01 
   1.1036151712935903e+01 
   1.1038329285941364e+01 
   1.1040480410432155e+01 
   1.1042605014032207e+01 
   1.1044703025548436e+01 
   1.1046774374975854e+01 
   1.1048818993502564e+01 
   1.1050836813514699e+01 
   1.1052827768601260e+01 
   1.1054791793558859e+01 
   1.1056728824396391e+01 
   1.1058638798339594e+01 
   1.1060521653835529e+01 
   1.1062377330556981e+01 
   1.1064205769406744e+01 
   1.1066006912521832e+01 
   1.1067780703277601e+01 
   1.1069527086291755e+01 
   1.1071246007428286e+01 
   1.1072937413801304e+01 
   1.1074601253778775e+01 
   1.1076237476986172e+01 
   1.1077846034310019e+01 
   1.1079426877901351e+01 
   1.1080979961179068e+01 
   1.1082505238833207e+01 
   1.1084002666828102e+01 
   1.1085472202405450e+01 
   1.1086913804087292e+01 
   1.1088327431678884e+01 
   1.1089713046271477e+01 
   1.1091070610244984e+01 
   1.1092400087270573e+01 
   1.1093701442313145e+01 
   1.1094974641633716e+01 
   1.1096219652791694e+01 
   1.1097436444647069e+01 
   1.1098624987362495e+01 
   1.1099785252405272e+01 
   1.1100917212549231e+01 
   1.1102020841876508e+01 
   1.1103096115779238e+01 
   1.1104143010961129e+01 
   1.1105161505438943e+01 
   1.1106151578543871e+01 
   1.1107113210922812e+01 
   1.1108046384539559e+01 
   1.1108951082675853e+01 
   1.1109827289932371e+01 
   1.1110674992229589e+01 
   1.1111494176808556e+01 
   1.1112284832231555e+01 
   1.1113046948382671e+01 
   1.1113780516468251e+01 
   1.1114485529017266e+01 
   1.1115161979881572e+01 
   1.1115809864236059e+01 
   1.1116429178578711e+01 
   1.1117019920730558e+01 
   1.1117582089835519e+01 
   1.1118115686360156e+01 
   1.1118620712093321e+01 
   1.1119097170145695e+01 
   1.1119545064949230e+01 
   1.1119964402256498e+01 
   1.1120355189139913e+01 
   1.1120717433990885e+01 
   1.1121051146518846e+01 
   1.1121356337750187e+01 
   1.1121633020027090e+01 
   1.1121881207006268e+01 
   1.1122100913657579e+01 
   1.1122292156262578e+01 
   1.1122454952412930e+01 
   1.1122589321008755e+01 
   1.1122695282256844e+01 
   1.1122772857668807e+01 
   1.1122822070059081e+01 
   1.1122842943542894e+01 
   1.1122835503534061e+01 
   1.1122799776742752e+01 
   1.1122735791173104e+01 
   1.1122643576120774e+01 
   1.1122523162170378e+01 
   1.1122374581192819e+01 
   1.1122197866342555e+01 
   1.1121993052054732e+01 
   1.1121760174042247e+01 
   1.1121499269292698e+01 
   1.1121210376065253e+01 
   1.1120893533887404e+01 
   1.1120548783551651e+01 
   1.1120176167112076e+01 
   1.1119775727880825e+01 
   1.1119347510424491e+01 
   1.1118891560560424e+01 
   1.1118407925352930e+01 
   1.1117896653109380e+01 
   1.1117357793376229e+01 
   1.1116791396934955e+01 
   1.1116197515797893e+01 
   1.1115576203203977e+01 
   1.1114927513614413e+01 
   1.1114251502708237e+01 
   1.1113548227377802e+01 
   1.1112817745724175e+01 
   1.1112060117052438e+01 
   1.1111275401866912e+01 
   1.1110463661866286e+01 
   1.1109624959938669e+01 
   1.1108759360156556e+01 
   1.1107866927771695e+01 
   1.1106947729209899e+01 
   1.1106001832065740e+01 
   1.1105029305097188e+01 
   1.1104030218220162e+01 
   1.1103004642502986e+01 
   1.1101952650160783e+01 
   1.1100874314549779e+01 
   1.1099769710161526e+01 
   1.1098638912617053e+01 
   1.1097481998660937e+01 
   1.1096299046155298e+01 
   1.1095090134073711e+01 
   1.1093855342495051e+01 
   1.1092594752597257e+01 
   1.1091308446651034e+01 
   1.1089996508013451e+01 
   1.1088659021121510e+01 
   1.1087296071485607e+01 
   1.1085907745682940e+01 
   1.1084494131350837e+01 
   1.1083055317180028e+01 
   1.1081591392907828e+01 
   1.1080102449311273e+01 
   1.1078588578200174e+01 
   1.1077049872410111e+01 
   1.1075486425795360e+01 
   1.1073898333221754e+01 
   1.1072285690559486e+01 
   1.1070648594675838e+01 
   1.1068987143427854e+01 
   1.1067301435654960e+01 
   1.1065591571171502e+01 
   1.1063857650759248e+01 
   1.1062099776159815e+01 
   1.1060318050067043e+01 
   1.1058512576119307e+01 
   1.1056683458891793e+01 
   1.1054830803888684e+01 
   1.1052954717535322e+01 
   1.1051055307170300e+01 
   1.1049132681037506e+01 
   1.1047186948278121e+01 
   1.1045218218922553e+01 
   1.1043226603882324e+01 
   1.1041212214941927e+01 
   1.1039175164750599e+01 
   1.1037115566814084e+01 
   1.1035033535486322e+01 
   1.1032929185961102e+01 
   1.1030802634263681e+01 
   1.1028653997242337e+01 
   1.1026483392559898e+01 
   1.1024290938685219e+01 
   1.1022076754884624e+01 
   1.1019840961213301e+01 
   1.1017583678506670e+01 
   1.1015305028371687e+01 
   1.1013005133178156e+01 
   1.1010684116049948e+01 
   1.1008342100856233e+01 
   1.1005979212202652e+01 
   1.1003595575422455e+01 
   1.1001191316567626e+01 
   1.0998766562399950e+01 
   1.0996321440382069e+01 
   1.0993856078668506e+01 
   1.0991370606096639e+01 
   1.0988865152177683e+01 
   1.0986339847087613e+01 
   1.0983794821658082e+01 
   1.0981230207367291e+01 
   1.0978646136330873e+01 
   1.0976042741292703e+01 
   1.0973420155615731e+01 
   1.0970778513272769e+01 
   1.0968117948837264e+01 
   1.0965438597474053e+01 
   1.0962740594930096e+01 
   1.0960024077525187e+01 
   1.0957289182142670e+01 
   1.0954536046220106e+01 
   1.0951764807739957e+01 
   1.0948975605220227e+01 
   1.0946168577705119e+01 
   1.0943343864755661e+01 
   1.0940501606440316e+01 
   1.0937641943325604e+01 
   1.0934765016466697e+01 
   1.0931870967398005e+01 
   1.0928959938123775e+01 
   1.0926032071108645e+01 
   1.0923087509268239e+01 
   1.0920126395959715e+01 
   1.0917148874972344e+01 
   1.0914155090518056e+01 
   1.0911145187222008e+01 
   1.0908119310113131e+01 
   1.0905077604614695e+01 
   1.0902020216534861e+01 
   1.0898947292057235e+01 
   1.0895858977731445e+01 
   1.0892755420463679e+01 
   1.0889636767507271e+01 
   1.0886503166453275e+01 
   1.0883354765221027e+01 
   1.0880191712048740e+01 
   1.0877014155484103e+01 
   1.0873822244374869e+01 
   1.0870616127859469e+01 
   1.0867395955357630e+01 
   1.0864161876561012e+01 
   1.0860914041423840e+01 
   1.0857652600153568e+01 
   1.0854377703201536e+01 
   1.0851089501253664e+01 
   1.0847788145221138e+01 
   1.0844473786231124e+01 
   1.0841146575617499e+01 
   1.0837806664911604e+01 
   1.0834454205832989e+01 
   1.0831089350280211e+01 
   1.0827712250321634e+01 
   1.0824323058186243e+01 
   1.0820921926254499e+01 
   1.0817509007049196e+01 
   1.0814084453226352e+01 
   1.0810648417566117e+01 
   1.0807201052963720e+01 
   1.0803742512420406e+01 
   1.0800272949034449e+01 
   1.0796792515992140e+01 
   1.0793301366558840e+01 
   1.0789799654070045e+01 
   1.0786287531922472e+01 
   1.0782765153565188e+01 
   1.0779232672490769e+01 
   1.0775690242226471e+01 
   1.0772138016325453e+01 
   1.0768576148358028e+01 
   1.0765004791902921e+01 
   1.0761424100538608e+01 
   1.0757834227834639e+01 
   1.0754235327343032e+01 
   1.0750627552589677e+01 
   1.0747011057065787e+01 
   1.0743385994219395e+01 
   1.0739752517446858e+01 
   1.0736110780084436e+01 
   1.0732460935399875e+01 
   1.0728803136584048e+01 
   1.0725137536742636e+01 
   1.0721464288887830e+01 
   1.0717783545930098e+01 
   1.0714095460669975e+01 
   1.0710400185789902e+01 
   1.0706697873846101e+01 
   1.0702988677260494e+01 
   1.0699272748312680e+01 
   1.0695550239131927e+01 
   1.0691821301689227e+01 
   1.0688086087789399e+01 
   1.0684344749063218e+01 
   1.0680597436959607e+01 
   1.0676844302737868e+01 
   1.0673085497459953e+01 
   1.0669321171982800e+01 
   1.0665551476950689e+01 
   1.0661776562787676e+01 
   1.0657996579690050e+01 
   1.0654211677618850e+01 
   1.0650422006292429e+01 
   1.0646627715179072e+01 
   1.0642828953489659e+01 
   1.0639025870170361e+01 
   1.0635218613895431e+01 
   1.0631407333060002e+01 
   1.0627592175772948e+01 
   1.0623773289849821e+01 
   1.0619950822805794e+01 
   1.0616124921848709e+01 
   1.0612295733872129e+01 
   1.0608463405448481e+01 
   1.0604628082822222e+01 
   1.0600789911903087e+01 
   1.0596949038259366e+01 
   1.0593105607111250e+01 
   1.0589259763324227e+01 
   1.0585411651402534e+01 
   1.0581561415482659e+01 
   1.0577709199326911e+01 
   1.0573855146317026e+01 
   1.0569999399447848e+01 
   1.0566142101321050e+01 
   1.0562283394138930e+01 
   1.0558423419698244e+01 
   1.0554562319384104e+01 
   1.0550700234163939e+01 
   1.0546837304581507e+01 
   1.0542973670750955e+01 
   1.0539109472350958e+01 
   1.0535244848618904e+01 
   1.0531379938345120e+01 
   1.0527514879867201e+01 
   1.0523649811064342e+01 
   1.0519784869351772e+01 
   1.0515920191675228e+01 
   1.0512055914505483e+01 
   1.0508192173832949e+01 
   1.0504329105162320e+01 
   1.0500466843507294e+01 
   1.0496605523385336e+01 
   1.0492745278812508e+01 
   1.0488886243298367e+01 
   1.0485028549840903e+01 
   1.0481172330921551e+01 
   1.0477317718500265e+01 
   1.0473464844010639e+01 
   1.0469613838355095e+01 
   1.0465764831900135e+01 
   1.0461917954471639e+01 
   1.0458073335350242e+01 
   1.0454231103266753e+01 
   1.0450391386397650e+01 
   1.0446554312360613e+01 
   1.0442720008210145e+01 
   1.0438888600433234e+01 
   1.0435060214945073e+01 
   1.0431234977084856e+01 
   1.0427413011611616e+01 
   1.0423594442700137e+01 
   1.0419779393936924e+01 
   1.0415967988316213e+01 
   1.0412160348236077e+01 
   1.0408356595494558e+01 
   1.0404556851285880e+01 
   1.0400761236196711e+01 
   1.0396969870202483e+01 
   1.0393182872663790e+01 
   1.0389400362322815e+01 
   1.0385622457299851e+01 
   1.0381849275089841e+01 
   1.0378080932559032e+01 
   1.0374317545941617e+01 
   1.0370559230836511e+01 
   1.0366806102204125e+01 
   1.0363058274363233e+01 
   1.0359315860987897e+01 
   1.0355578975104422e+01 
   1.0351847729088409e+01 
   1.0348122234661831e+01 
   1.0344402602890201e+01 
   1.0340688944179762e+01 
   1.0336981368274758e+01 
   1.0333279984254766e+01 
   1.0329584900532071e+01 
   1.0325896224849101e+01 
   1.0322214064275929e+01 
   1.0318538525207819e+01 
   1.0314869713362848e+01 
   1.0311207733779561e+01 
   1.0307552690814692e+01 
   1.0303904688140953e+01 
   1.0300263828744875e+01 
   1.0296630214924670e+01 
   1.0293003948288217e+01 
   1.0289385129751031e+01 
   1.0285773859534343e+01 
   1.0282170237163204e+01 
   1.0278574361464653e+01 
   1.0274986330565945e+01 
   1.0271406241892818e+01 
   1.0267834192167831e+01 
   1.0264270277408755e+01 
   1.0260714592926997e+01 
   1.0257167233326101e+01 
   1.0253628292500299e+01 
   1.0250097863633096e+01 
   1.0246576039195935e+01 
   1.0243062910946890e+01 
   1.0239558569929427e+01 
   1.0236063106471210e+01 
   1.0232576610182969e+01 
   1.0229099169957394e+01 
   1.0225630873968109e+01 
   1.0222171809668687e+01 
   1.0218722063791708e+01 
   1.0215281722347866e+01 
   1.0211850870625153e+01 
   1.0208429593188052e+01 
   1.0205017973876814e+01 
   1.0201616095806759e+01 
   1.0198224041367650e+01 
   1.0194841892223087e+01 
   1.0191469729309977e+01 
   1.0188107632838038e+01 
   1.0184755682289351e+01 
   1.0181413956417956e+01 
   1.0178082533249505e+01 
   1.0174761490080961e+01 
   1.0171450903480329e+01 
   1.0168150849286448e+01 
   1.0164861402608830e+01 
   1.0161582637827522e+01 
   1.0158314628593050e+01 
   1.0155057447826371e+01 
   1.0151811167718897e+01 
   1.0148575859732540e+01 
   1.0145351594599832e+01 
   1.0142138442324047e+01 
   1.0138936472179401e+01 
   1.0135745752711287e+01 
   1.0132566351736534e+01 
   1.0129398336343737e+01 
   1.0126241772893604e+01 
   1.0123096727019357e+01 
   1.0119963263627174e+01 
   1.0116841446896670e+01 
   1.0113731340281412e+01 
   1.0110633006509490e+01 
   1.0107546507584111e+01 
   1.0104471904784246e+01 
   1.0101409258665297e+01 
   1.0098358629059829e+01 
   1.0095320075078329e+01 
   1.0092293655109984e+01 
   1.0089279426823531e+01 
   1.0086277447168117e+01 
   1.0083287772374218e+01 
   1.0080310457954569e+01 
   1.0077345558705154e+01 
   1.0074393128706221e+01 
   1.0071453221323329e+01 
   1.0068525889208445e+01 
   1.0065611184301060e+01 
   1.0062709157829348e+01 
   1.0059819860311357e+01 
   1.0056943341556233e+01 
   1.0054079650665486e+01 
   1.0051228836034271e+01 
   1.0048390945352725e+01 
   1.0045566025607316e+01 
   1.0042754123082240e+01 
   1.0039955283360833e+01 
   1.0037169551327031e+01 
   1.0034396971166860e+01 
   1.0031637586369939e+01 
   1.0028891439731032e+01 
   1.0026158573351623e+01 
   1.0023439028641523e+01 
   1.0020732846320502e+01 
   1.0018040066419958e+01 
   1.0015360728284598e+01 
   1.0012694870574176e+01 
   1.0010042531265228e+01 
   1.0007403747652852e+01 
   1.0004778556352520e+01 
   1.0002166993301897e+01 
   9.9995690937627089e+00 
   9.9969848923226188e+00 
   9.9944144228971403e+00 
   9.9918577187315769e+00 
   9.9893148124029718e+00 
   9.9867857358221084e+00 
   9.9842705202355067e+00 
   9.9817691962274715e+00 
   9.9792817937221372e+00 
   9.9768083419855582e+00 
   9.9743488696278177e+00 
   9.9719034046051434e+00 
   9.9694719742220741e+00 
   9.9670546051336224e+00 
   9.9646513233474714e+00 
   9.9622621542261935e+00 
   9.9598871224894925e+00 
   9.9575262522164536e+00 
   9.9551795668478320e+00 
   9.9528470891883476e+00 
   9.9505288414090014e+00 
   9.9482248450494311e+00 
   9.9459351210202502e+00 
   9.9436596896054414e+00 
   9.9413985704647470e+00 
   9.9391517826360829e+00 
   9.9369193445379782e+00 
   9.9347012739720171e+00 
   9.9324975881253188e+00 
   9.9303083035730122e+00 
   9.9281334362807492e+00 
   9.9259730016072165e+00 
   9.9238270143066707e+00 
   9.9216954885314994e+00 
   9.9195784378347742e+00 
   9.9174758751728458e+00 
   9.9153878129079356e+00 
   9.9133142628107453e+00 
   9.9112552360630914e+00 
   9.9092107432605427e+00 
   9.9071807944150674e+00 
   9.9051653989577151e+00 
   9.9031645657412888e+00 
   9.9011783030430447e+00 
   9.8992066185673941e+00 
   9.8972495194486321e+00 
   9.8953070122536548e+00 
   9.8933791029847260e+00 
   9.8914657970822066e+00 
   9.8895670994273424e+00 
   9.8876830143450292e+00 
   9.8858135456066130e+00 
   9.8839586964326731e+00 
   9.8821184694958468e+00 
   9.8802928669236429e+00 
   9.8784818903012681e+00 
   9.8766855406744689e+00 
   9.8749038185523847e+00 
   9.8731367239103882e+00 
   9.8713842561929734e+00 
   9.8696464143166054e+00 
   9.8679231966726242e+00 
   9.8662146011301175e+00 
   9.8645206250388338e+00 
   9.8628412652320687e+00 
   9.8611765180295965e+00 
   9.8595263792405774e+00 
   9.8578908441664819e+00 
   9.8562699076040374e+00 
   9.8546635638481437e+00 
   9.8530718066948388e+00 
   9.8514946294442431e+00 
   9.8499320249035005e+00 
   9.8483839853897610e+00 
   9.8468505027331350e+00 
   9.8453315682796632e+00 
   9.8438271728942972e+00 
   9.8423373069638735e+00 
   9.8408619604001029e+00 
   9.8394011226425544e+00 
   9.8379547826616509e+00 
   9.8365229289616547e+00 
   9.8351055495836803e+00 
   9.8337026321086789e+00 
   9.8323141636604614e+00 
   9.8309401309086866e+00 
   9.8295805200718842e+00 
   9.8282353169204590e+00 
   9.8269045067797052e+00 
   9.8255880745328259e+00 
   9.8242860046239464e+00 
   9.8229982810611354e+00 
   9.8217248874194176e+00 
   9.8204658068438047e+00 
   9.8192210220523108e+00 
   9.8179905153389786e+00 
   9.8167742685768911e+00 
   9.8155722632212168e+00 
   9.8143844803122047e+00 
   9.8132109004782340e+00 
   9.8120515039388181e+00 
   9.8109062705076351e+00 
   9.8097751795955528e+00 
   9.8086582102136415e+00 
   9.8075553409762009e+00 
   9.8064665501037744e+00 
   9.8053918154261748e+00 
   9.8043311143854854e+00 
   9.8032844240390951e+00 
   9.8022517210626940e+00 
   9.8012329817532944e+00 
   9.8002281820322334e+00 
   9.7992372974481903e+00 
   9.7982603031801716e+00 
   9.7972971740405370e+00 
   9.7963478844779779e+00 
   9.7954124085805248e+00 
   9.7944907200785369e+00 
   9.7935827923476904e+00 
   9.7926885984119689e+00 
   9.7918081109466488e+00 
   9.7909413022812668e+00 
   9.7900881444026115e+00 
   9.7892486089576849e+00 
   9.7884226672566719e+00 
   9.7876102902759072e+00 
   9.7868114486608366e+00 
   9.7860261127289618e+00 
   9.7852542524728072e+00 
   9.7844958375628472e+00 
   9.7837508373504622e+00 
   9.7830192208708713e+00 
   9.7823009568460577e+00 
   9.7815960136876985e+00 
   9.7809043595000880e+00 
   9.7802259620830494e+00 
   9.7795607889348446e+00 
   9.7789088072550818e+00 
   9.7782699839476077e+00 
   9.7776442856234080e+00 
   9.7770316786034819e+00 
   9.7764321289217371e+00 
   9.7758456023278555e+00 
   9.7752720642901583e+00 
   9.7747114799984729e+00 
   9.7741638143669896e+00 
   9.7736290320371015e+00 
   9.7731070973802492e+00 
   9.7725979745007621e+00 
   9.7721016272386798e+00 
   9.7716180191725730e+00 
   9.7711471136223551e+00 
   9.7706888736520927e+00 
   9.7702432620728068e+00 
   9.7698102414452563e+00 
   9.7693897740827271e+00 
   9.7689818220538083e+00 
   9.7685863471851615e+00 
   9.7682033110642763e+00 
   9.7678326750422357e+00 
   9.7674744002364466e+00 
   9.7671284475333842e+00 
   9.7667947775913238e+00 
   9.7664733508430572e+00 
   9.7661641274986071e+00 
   9.7658670675479264e+00 
   9.7655821307636081e+00 
   9.7653092767035510e+00 
   9.7650484647136615e+00 
   9.7647996539305009e+00 
   9.7645628032839706e+00 
   9.7643378714999418e+00 
   9.7641248171029194e+00 
   9.7639235984186588e+00 
   9.7637341735768040e+00 
   9.7635565005135021e+00 
   9.7633905369740024e+00 
   9.7632362405152691e+00 
   9.7630935685085589e+00 
   9.7629624781420024e+00 
   9.7628429264231826e+00 
   9.7627348701816814e+00 
   9.7626382660716473e+00 
   9.7625530705743220e+00 
   9.7624792400005838e+00 
   9.7624167304934666e+00 
   9.7623654980306718e+00 
   9.7623254984270655e+00 
   9.7622966873371855e+00 
   9.7622790202577114e+00 
   9.7622724525299454e+00 
   9.7622769393422697e+00 
   9.7622924357326077e+00 
   9.7623188965908554e+00 
   9.7623562766613272e+00 
   9.7624045305451688e+00 
   9.7624636127027742e+00 
   9.7625334774561878e+00 
   9.7626140789914917e+00 
   9.7627053713611929e+00 
   9.7628073084865914e+00 
   9.7629198441601392e+00 
   9.7630429320477941e+00 
   9.7631765256913550e+00 
   9.7633205785107950e+00 
   9.7634750438065723e+00 
   9.7636398747619477e+00 
   9.7638150244452735e+00 
   9.7640004458122789e+00 
   9.7641960917083512e+00 
   9.7644019148707990e+00 
   9.7646178679310971e+00 
   9.7648439034171410e+00 
   9.7650799737554728e+00 
   9.7653260312734975e+00 
   9.7655820282017025e+00 
   9.7658479166758489e+00 
   9.7661236487391623e+00 
   9.7664091763445029e+00 
   9.7667044513565440e+00 
   9.7670094255539102e+00 
   9.7673240506313341e+00 
   9.7676482782017828e+00 
   9.7679820597985749e+00 
   9.7683253468774911e+00 
   9.7686780908188808e+00 
   9.7690402429297336e+00 
   9.7694117544457715e+00 
   9.7697925765334990e+00 
   9.7701826602922637e+00 
   9.7705819567562919e+00 
   9.7709904168967263e+00 
   9.7714079916236383e+00 
   9.7718346317880300e+00 
   9.7722702881838437e+00 
   9.7727149115499330e+00 
   9.7731684525720404e+00 
   9.7736308618847598e+00 
   9.7741020900734803e+00 
   9.7745820876763254e+00 
   9.7750708051860844e+00 
   9.7755681930521181e+00 
   9.7760742016822704e+00 
   9.7765887814447492e+00 
   9.7771118826700185e+00 
   9.7776434556526546e+00 
   9.7781834506532022e+00 
   9.7787318179000291e+00 
   9.7792885075911524e+00 
   9.7798534698960538e+00 
   9.7804266549574983e+00 
   9.7810080128933254e+00 
   9.7815974937982375e+00 
   9.7821950477455708e+00 
   9.7828006247890560e+00 
   9.7834141749645767e+00 
   9.7840356482918960e+00 
   9.7846649947763922e+00 
   9.7853021644107638e+00 
   9.7859471071767477e+00 
   9.7865997730467882e+00 
   9.7872601119857379e+00 
   9.7879280739525054e+00 
   9.7886036089017274e+00 
   9.7892866667853973e+00 
   9.7899771975545100e+00 
   9.7906751511606664e+00 
   9.7913804775576967e+00 
   9.7920931267032412e+00 
   9.7928130485603493e+00 
   9.7935401930990320e+00 
   9.7942745102978375e+00 
   9.7950159501453999e+00 
   9.7957644626419569e+00 
   9.7965199978008979e+00 
   9.7972825056502550e+00 
   9.7980519362342182e+00 
   9.7988282396146129e+00 
   9.7996113658723818e+00 
   9.8004012651090484e+00 
   9.8011978874481702e+00 
   9.8020011830367739e+00 
   9.8028111020467925e+00 
   9.8036275946764668e+00 
   9.8044506111517684e+00 
   9.8052801017277798e+00 
   9.8061160166900780e+00 
   9.8069583063561030e+00 
   9.8078069210765140e+00 
   9.8086618112365400e+00 
   9.8095229272572997e+00 
   9.8103902195971333e+00 
   9.8112636387529086e+00 
   9.8121431352613158e+00 
   9.8130286597001533e+00 
   9.8139201626896053e+00 
   9.8148175948934924e+00 
   9.8157209070205340e+00 
   9.8166300498255730e+00 
   9.8175449741108114e+00 
   9.8184656307270188e+00 
   9.8193919705747330e+00 
   9.8203239446054553e+00 
   9.8212615038228197e+00 
   9.8222045992837685e+00 
   9.8231531820996967e+00 
   9.8241072034376078e+00 
   9.8250666145212264e+00 
   9.8260313666321348e+00 
   9.8270014111108619e+00 
   9.8279766993580004e+00 
   9.8289571828352624e+00 
   9.8299428130665802e+00 
   9.8309335416391423e+00 
   9.8319293202044520e+00 
   9.8329301004793628e+00 
   9.8339358342471037e+00 
   9.8349464733582863e+00 
   9.8359619697319118e+00 
   9.8369822753563589e+00 
   9.8380073422903571e+00 
   9.8390371226639584e+00 
   9.8400715686794857e+00 
   9.8411106326124838e+00 
   9.8421542668126403e+00 
   9.8432024237047067e+00 
   9.8442550557894180e+00 
   9.8453121156443721e+00 
   9.8463735559249237e+00 
   9.8474393293650557e+00 
   9.8485093887782416e+00 
   9.8495836870582920e+00 
   9.8506621771801939e+00 
   9.8517448122009412e+00 
   9.8528315452603472e+00 
   9.8539223295818505e+00 
   9.8550171184733006e+00 
   9.8561158653277534e+00 
   9.8572185236242262e+00 
   9.8583250469284618e+00 
   9.8594353888936794e+00 
   9.8605495032613035e+00 
   9.8616673438616953e+00 
   9.8627888646148598e+00 
   9.8639140195311512e+00 
   9.8650427627119637e+00 
   9.8661750483504100e+00 
   9.8673108307319861e+00 
   9.8684500642352351e+00 
   9.8695927033323940e+00 
   9.8707387025900157e+00 
   9.8718880166696117e+00 
   9.8730406003282472e+00 
   9.8741964084191540e+00 
   9.8753553958923206e+00 
   9.8765175177950653e+00 
   9.8776827292726121e+00 
   9.8788509855686417e+00 
   9.8800222420258486e+00 
   9.8811964540864672e+00 
   9.8823735772928014e+00 
   9.8835535672877395e+00 
   9.8847363798152550e+00 
   9.8859219707209096e+00 
   9.8871102959523185e+00 
   9.8883013115596370e+00 
   9.8894949736960154e+00 
   9.8906912386180466e+00 
   9.8918900626862136e+00 
   9.8930914023653109e+00 
   9.8942952142248739e+00 
   9.8955014549395681e+00 
   9.8967100812896085e+00 
   9.8979210501611377e+00 
   9.8991343185465954e+00 
   9.9003498435450989e+00 
   9.9015675823627891e+00 
   9.9027874923131876e+00 
   9.9040095308175182e+00 
   9.9052336554050449e+00 
   9.9064598237133783e+00 
   9.9076879934887945e+00 
   9.9089181225865133e+00 
   9.9101501689709970e+00 
   9.9113840907162203e+00 
   9.9126198460059367e+00 
   9.9138573931339309e+00 
   9.9150966905042761e+00 
   9.9163376966315528e+00 
   9.9175803701410903e+00 
   9.9188246697691742e+00 
   9.9200705543632566e+00 
   9.9213179828821509e+00 
   9.9225669143962261e+00 
   9.9238173080875729e+00 
   9.9250691232501840e+00 
   9.9263223192901044e+00 
   9.9275768557255919e+00 
   9.9288326921872407e+00 
   9.9300897884181278e+00 
   9.9313481042739333e+00 
   9.9326075997230365e+00 
   9.9338682348466438e+00 
   9.9351299698388651e+00 
   9.9363927650068025e+00 
   9.9376565807706303e+00 
   9.9389213776636645e+00 
   9.9401871163324103e+00 
   9.9414537575366193e+00 
   9.9427212621493339e+00 
   9.9439895911569103e+00 
   9.9452587056590485e+00 
   9.9465285668687979e+00 
   9.9477991361125753e+00 
   9.9490703748301552e+00 
   9.9503422445746601e+00 
   9.9516147070125403e+00 
   9.9528877239235491e+00 
   9.9541612572007008e+00 
   9.9554352688502323e+00 
   9.9567097209915492e+00 
   9.9579845758571643e+00 
   9.9592597957926241e+00 
   9.9605353432564456e+00 
   9.9618111808200140e+00 
   9.9630872711675078e+00 
   9.9643635770957797e+00 
   9.9656400615142697e+00 
   9.9669166874448720e+00 
   9.9681934180218175e+00 
   9.9694702164915459e+00 
   9.9707470462125602e+00 
   9.9720238706552884e+00 
   9.9733006534019299e+00 
   9.9745773581462860e+00 
   9.9758539486936009e+00 
   9.9771303889603793e+00 
   9.9784066429742175e+00 
   9.9796826748735956e+00 
   9.9809584489076997e+00 
   9.9822339294361999e+00 
   9.9835090809290605e+00 
   9.9847838679663106e+00 
   9.9860582552378219e+00 
   9.9873322075430853e+00 
   9.9886056897909601e+00 
   9.9898786669994504e+00 
   9.9911511042954402e+00 
   9.9924229669144502e+00 
   9.9936942202003607e+00 
   9.9949648296051556e+00 
   9.9962347606886439e+00 
   9.9975039791181803e+00 
   9.9987724506683762e+00 
   1.0000040141220811e+01 
   1.0001307016763734e+01 
   1.0002573043391756e+01 
   1.0003838187305542e+01 
   1.0005102414811503e+01 
   1.0006365692321468e+01 
   1.0007627986352352e+01 
   1.0008889263525843e+01 
   1.0010149490568047e+01 
   1.0011408634309159e+01 
   1.0012666661683108e+01 
   1.0013923539727207e+01 
   1.0015179235581803e+01 
   1.0016433716489901e+01 
   1.0017686949796811e+01 
   1.0018938902949770e+01 
   1.0020189543497571e+01 
   1.0021438839090168e+01 
   1.0022686757478313e+01 
   1.0023933266513152e+01 
   1.0025178334145833e+01 
   1.0026421928427110e+01 
   1.0027664017506945e+01 
   1.0028904569634090e+01 
   1.0030143553155691e+01 
   1.0031380936516864e+01 
   1.0032616688260283e+01 
   1.0033850777025759e+01 
   1.0035083171549802e+01 
   1.0036313840665210e+01 
   1.0037542753300636e+01 
   1.0038769878480130e+01 
   1.0039995185322727e+01 
   1.0041218643041992e+01 
   1.0042440220945577e+01 
   1.0043659888434771e+01 
   1.0044877615004051e+01 
   1.0046093370240632e+01 
   1.0047307123824000e+01 
   1.0048518845525463e+01 
   1.0049728505207682e+01 
   1.0050936072824214e+01 
   1.0052141518419038e+01 
   1.0053344812126085e+01 
   1.0054545924168776e+01 
   1.0055744824859540e+01 
   1.0056941484599339e+01 
   1.0058135873877196e+01 
   1.0059327963269713e+01 
   1.0060517723440583e+01 
   1.0061705125140120e+01 
   1.0062890139204764e+01 
   1.0064072736556602e+01 
   1.0065252888202870e+01 
   1.0066430565235484e+01 
   1.0067605738830526e+01 
   1.0068778380247773e+01 
   1.0069948460830194e+01 
   1.0071115952003458e+01 
   1.0072280825275447e+01 
   1.0073443052235753e+01 
   1.0074602604555187e+01 
   1.0075759453985279e+01 
   1.0076913572357793e+01 
   1.0078064931584210e+01 
   1.0079213503655255e+01 
   1.0080359260640382e+01 
   1.0081502174687280e+01 
   1.0082642218021380e+01 
   1.0083779362945361e+01 
   1.0084913581838633e+01 
   1.0086044847156868e+01 
   1.0087173131431484e+01 
   1.0088298407269154e+01 
   1.0089420647351306e+01 
   1.0090539824433641e+01 
   1.0091655911345628e+01 
   1.0092768880990004e+01 
   1.0093878706342302e+01 
   1.0094985360450337e+01 
   1.0096088816433733e+01 
   1.0097189047483418e+01 
   1.0098286026861151e+01 
   1.0099379727899024e+01 
   1.0100470123998980e+01 
   1.0101557188632334e+01 
   1.0102640895339283e+01 
   1.0103721217728424e+01 
   1.0104798129476292e+01 
   1.0105871604326861e+01 
   1.0106941616091083e+01 
   1.0108008138646413e+01 
   1.0109071145936337e+01 
   1.0110130611969899e+01 
   1.0111186510821248e+01 
   1.0112238816629160e+01 
   1.0113287503596583e+01 
   1.0114332545990189e+01 
   1.0115373918139891e+01 
   1.0116411594438425e+01 
   1.0117445549340868e+01 
   1.0118475757364218e+01 
   1.0119502193086927e+01 
   1.0120524831148474e+01 
   1.0121543646248931e+01 
   1.0122558613148506e+01 
   1.0123569706667146e+01 
   1.0124576901684080e+01 
   1.0125580173137408e+01 
   1.0126579496023680e+01 
   1.0127574845397483e+01 
   1.0128566196371022e+01 
   1.0129553524113708e+01 
   1.0130536803851774e+01 
   1.0131516010867843e+01 
   1.0132491120500559e+01 
   1.0133462108144183e+01 
   1.0134428949248200e+01 
   1.0135391619316952e+01 
   1.0136350093909238e+01 
   1.0137304348637960e+01 
   1.0138254359169739e+01 
   1.0139200101224557e+01 
   1.0140141550575393e+01 
   1.0141078683047875e+01 
   1.0142011474519915e+01 
   1.0142939900921382e+01 
   1.0143863938233750e+01 
   1.0144783562489764e+01 
   1.0145698749773114e+01 
   1.0146609476218114e+01 
   1.0147515718009368e+01 
   1.0148417451381476e+01 
   1.0149314652618713e+01 
   1.0150207298054735e+01 
   1.0151095364072273e+01 
   1.0151978827102850e+01 
   1.0152857663626495e+01 
   1.0153731850171466e+01 
   1.0154601363313970e+01 
   1.0155466179677903e+01 
   1.0156326275934587e+01 
   1.0157181628802514e+01 
   1.0158032215047101e+01 
   1.0158878011480446e+01 
   1.0159718994961095e+01 
   1.0160555142393807e+01 
   1.0161386430729342e+01 
   1.0162212836964235e+01 
   1.0163034338140593e+01 
   1.0163850911345886e+01 
   1.0164662533712759e+01 
   1.0165469182418843e+01 
   1.0166270834686564e+01 
   1.0167067467782978e+01 
   1.0167859059019598e+01 
   1.0168645585752232e+01 
   1.0169427025380838e+01 
   1.0170203355349363e+01 
   1.0170974553145617e+01 
   1.0171740596301134e+01 
   1.0172501462391049e+01 
   1.0173257129033981e+01 
   1.0174007573891922e+01 
   1.0174752774670138e+01 
   1.0175492709117066e+01 
   1.0176227355024238e+01 
   1.0176956690226199e+01 
   1.0177680692600424e+01 
   1.0178399340067264e+01 
   1.0179112610589897e+01 
   1.0179820482174256e+01 
   1.0180522932869014e+01 
   1.0181219940765539e+01 
   1.0181911483997863e+01 
   1.0182597540742680e+01 
   1.0183278089219328e+01 
   1.0183953107689787e+01 
   1.0184622574458697e+01 
   1.0185286467873357e+01 
   1.0185944766323765e+01 
   1.0186597448242642e+01 
   1.0187244492105469e+01 
   1.0187885876430547e+01 
   1.0188521579779044e+01 
   1.0189151580755055e+01 
   1.0189775858005699e+01 
   1.0190394390221172e+01 
   1.0191007156134859e+01 
   1.0191614134523419e+01 
   1.0192215304206901e+01 
   1.0192810644048853e+01 
   1.0193400132956461e+01 
   1.0193983749880653e+01 
   1.0194561473816277e+01 
   1.0195133283802219e+01 
   1.0195699158921581e+01 
   1.0196259078301841e+01 
   1.0196813021115029e+01 
   1.0197360966577914e+01 
   1.0197902893952195e+01 
   1.0198438782544704e+01 
   1.0198968611707615e+01 
   1.0199492360838670e+01 
   1.0200010009381391e+01 
   1.0200521536825335e+01 
   1.0201026922706330e+01 
   1.0201526146606733e+01 
   1.0202019188155683e+01 
   1.0202506027029386e+01 
   1.0202986642951393e+01 
   1.0203461015692875e+01 
   1.0203929125072943e+01 
   1.0204390950958933e+01 
   1.0204846473266741e+01 
   1.0205295671961130e+01 
   1.0205738527056075e+01 
   1.0206175018615097e+01 
   1.0206605126751620e+01 
   1.0207028831629325e+01 
   1.0207446113462513e+01 
   1.0207856952516501e+01 
   1.0208261329107978e+01 
   1.0208659223605428e+01 
   1.0209050616429510e+01 
   1.0209435488053481e+01 
   1.0209813819003612e+01 
   1.0210185589859622e+01 
   1.0210550781255103e+01 
   1.0210909373877973e+01 
   1.0211261348470940e+01 
   1.0211606685831940e+01 
   1.0211945366814634e+01 
   1.0212277372328868e+01 
   1.0212602683341178e+01 
   1.0212921280875269e+01 
   1.0213233146012534e+01 
   1.0213538259892564e+01 
   1.0213836603713663e+01 
   1.0214128158733383e+01 
   1.0214412906269068e+01 
   1.0214690827698391e+01 
   1.0214961904459914e+01 
   1.0215226118053645e+01 
   1.0215483450041624e+01 
   1.0215733882048482e+01 
   1.0215977395762046e+01 
   1.0216213972933922e+01 
   1.0216443595380106e+01 
   1.0216666244981592e+01 
   1.0216881903684991e+01 
   1.0217090553503159e+01 
   1.0217292176515834e+01 
   1.0217486754870277e+01 
   1.0217674270781920e+01 
   1.0217854706535025e+01 
   1.0218028044483354e+01 
   1.0218194267050839e+01 
   1.0218353356732260e+01 
   1.0218505296093937e+01 
   1.0218650067774430e+01 
   1.0218787654485233e+01 
   1.0218918039011486e+01 
   1.0219041204212699e+01 
   1.0219157133023472e+01 
   1.0219265808454228e+01 
   1.0219367213591948e+01 
   1.0219461331600925e+01 
   1.0219548145723509e+01 
   1.0219627639280876e+01 
   1.0219699795673780e+01 
   1.0219764598383343e+01 
   1.0219822030971820e+01 
   1.0219872077083396e+01 
   1.0219914720444981e+01 
   1.0219949944866999e+01 
   1.0219977734244193e+01 
   1.0219998072556452e+01 
   1.0220010943869621e+01 
   1.0220016332336323e+01 
   1.0220014222196792e+01 
   1.0220004597779706e+01 
   1.0219987443503047e+01 
   1.0219962743874921e+01 
   1.0219930483494441e+01 
   1.0219890647052562e+01 
   1.0219843219332967e+01 
   1.0219788185212927e+01 
   1.0219725529664181e+01 
   1.0219655237753816e+01 
   1.0219577294645157e+01 
   1.0219491685598660e+01 
   1.0219398395972805e+01 
   1.0219297411225000e+01 
   1.0219188716912495e+01 
   1.0219072298693289e+01 
   1.0218948142327040e+01 
   1.0218816233676007e+01 
   1.0218676558705955e+01 
   1.0218529103487095e+01 
   1.0218373854195026e+01 
   1.0218210797111661e+01 
   1.0218039918626179e+01 
   1.0217861205235971e+01 
   1.0217674643547596e+01 
   1.0217480220277730e+01 
   1.0217277922254127e+01 
   1.0217067736416585e+01 
   1.0216849649817911e+01 
   1.0216623649624896e+01 
   1.0216389723119280e+01 
   1.0216147857698736e+01 
   1.0215898040877846e+01 
   1.0215640260289090e+01 
   1.0215374503683829e+01 
   1.0215100758933293e+01 
   1.0214819014029569e+01 
   1.0214529257086612e+01 
   1.0214231476341224e+01 
