   7.8539816339744828e-01 
   7.8531193773500063e-01 
   7.8505363441768139e-01 
   7.8462383488187604e-01 
   7.8402314834227604e-01 
   7.8325221163811842e-01 
   7.8231168908995463e-01 
   7.8120227236669448e-01 
   7.7992468036264695e-01 
   7.7847965908425487e-01 
   7.7686798154619952e-01 
   7.7509044767652691e-01 
   7.7314788423042691e-01 
   7.7104114471227558e-01 
   7.6877110930552939e-01 
   7.6633868481004319e-01 
   7.6374480458636163e-01 
   7.6099042850651843e-01 
   7.5807654291085924e-01 
   7.5500416057038722e-01 
   7.5177432065411565e-01 
   7.4838808870089579e-01 
   7.4484655659517474e-01 
   7.4115084254612451e-01 
   7.3730209106957190e-01 
   7.3330147297214499e-01 
   7.2915018533704457e-01 
   7.2484945151083635e-01 
   7.2040052109065256e-01 
   7.1580466991118274e-01 
   7.1106320003082824e-01 
   7.0617743971638691e-01 
   7.0114874342563172e-01 
   6.9597849178714211e-01 
   6.9066809157674480e-01 
   6.8521897568991907e-01 
   6.7963260310952089e-01 
   6.7391045886818179e-01 
   6.6805405400473905e-01 
   6.6206492551405860e-01 
   6.5594463628961430e-01 
   6.4969477505819462e-01 
   6.4331695630611319e-01 
   6.3681282019630925e-01 
   6.3018403247573129e-01 
   6.2343228437240938e-01 
   6.1655929248163333e-01 
   6.0956679864066565e-01 
   6.0245656979143536e-01 
   5.9523039783067067e-01 
   5.8789009944694970e-01 
   5.8043751594416326e-01 
   5.7287451305090564e-01 
   5.6520298071532782e-01 
   5.5742483288501288e-01 
   5.4954200727145264e-01 
   5.4155646509873223e-01 
   5.3347019083605374e-01 
   5.2528519191375544e-01 
   5.1700349842251381e-01 
   5.0862716279544151e-01 
   5.0015825947282655e-01 
   4.9159888454928635e-01 
   4.8295115540314504e-01 
   4.7421721030787201e-01 
   4.6539920802545476e-01 
   4.5649932738161259e-01 
   4.4751976682279193e-01 
   4.3846274395492019e-01 
   4.2933049506392990e-01 
   4.2012527461810112e-01 
   4.1084935475230716e-01 
   4.0150502473428429e-01 
   3.9209459041308381e-01 
   3.8262037364990148e-01 
   3.7308471173151536e-01 
   3.6348995676660123e-01 
   3.5383847506522992e-01 
   3.4413264650188780e-01 
   3.3437486386239679e-01 
   3.2456753217514628e-01 
   3.1471306802708293e-01 
   3.0481389886493876e-01 
   2.9487246228221109e-01 
   2.8489120529243950e-01 
   2.7487258358935646e-01 
   2.6481906079451822e-01 
   2.5473310769305113e-01 
   2.4461720145817684e-01 
   2.3447382486520485e-01 
   2.2430546549570696e-01 
   2.1411461493261003e-01 
   2.0390376794696660e-01 
   1.9367542167718149e-01 
   1.8343207480149179e-01 
   1.7317622670451374e-01 
   1.6291037663868477e-01 
   1.5263702288144176e-01 
   1.4235866188898769e-01 
   1.3207778744750737e-01 
   1.2179688982270061e-01 
   1.1151845490850572e-01 
   1.0124496337588938e-01 
   9.0978889822580136e-02 
   8.0722701924621512e-02 
   7.0478859590618045e-02 
   6.0249814119542382e-02 
   5.0038007362964758e-02 
   3.9845870892557304e-02 
   2.9675825173714889e-02 
   1.9530278746121559e-02 
   9.4116274120771854e-03 
   -6.7774656661719057e-04 
   -1.0735475262434863e-02 
   -2.0759205865798797e-02 
   -3.0746601457917008e-02 
   -4.0695341772060793e-02 
   -5.0603123942592712e-02 
   -6.0467663241076629e-02 
   -7.0286693798828834e-02 
   -8.0057969315297142e-02 
   -8.9779263751683755e-02 
   -9.9448372009257671e-02 
   -1.0906311059183339e-01 
   -1.1862131825192399e-01 
   -1.2812085662010936e-01 
   -1.3755961081719317e-01 
   -1.4693549004875567e-01 
   -1.5624642818174300e-01 
   -1.6549038430276869e-01 
   -1.7466534325783617e-01 
   -1.8376931617322698e-01 
   -1.9280034095733262e-01 
   -2.0175648278324362e-01 
   -2.1063583455194262e-01 
   -2.1943651733598302e-01 
   -2.2815668080356799e-01 
   -2.3679450362297844e-01 
   -2.4534819384733020e-01 
   -2.5381598927967436e-01 
   -2.6219615781848460e-01 
   -2.7048699778360752e-01 
   -2.7868683822278090e-01 
   -2.8679403919885421e-01 
   -2.9480699205787492e-01 
   -3.0272411967822915e-01 
   -3.1054387670105399e-01 
   -3.1826474974216212e-01 
   -3.2588525758574427e-01 
   -3.3340395136013773e-01 
   -3.4081941469597121e-01 
   -3.4813026386701623e-01 
   -3.5533514791409559e-01 
   -3.6243274875241660e-01 
   -3.6942178126271424e-01 
   -3.7630099336660505e-01 
   -3.8306916608656655e-01 
   -3.8972511359097045e-01 
   -3.9626768322460959e-01 
   -4.0269575552516923e-01 
   -4.0900824422610244e-01 
   -4.1520409624637777e-01 
   -4.2128229166757414e-01 
   -4.2724184369880308e-01 
   -4.3308179862994406e-01 
   -4.3880123577368080e-01 
   -4.4439926739682911e-01 
   -4.4987503864144818e-01 
   -4.5522772743622691e-01 
   -4.6045654439863554e-01 
   -4.6556073272833159e-01 
   -4.7053956809230502e-01 
   -4.7539235850224443e-01 
   -4.8011844418460065e-01 
   -4.8471719744381819e-01 
   -4.8918802251919913e-01 
   -4.9353035543585499e-01 
   -4.9774366385019636e-01 
   -5.0182744689039815e-01 
   -5.0578123499227112e-01 
   -5.0960458973095935e-01 
   -5.1329710364887104e-01 
   -5.1685840008024098e-01 
   -5.2028813297270915e-01 
   -5.2358598670628798e-01 
   -5.2675167591007810e-01 
   -5.2978494527707909e-01 
   -5.3268556937742717e-01 
   -5.3545335247037840e-01 
   -5.3808812831534214e-01 
   -5.4058975998225256e-01 
   -5.4295813966155482e-01 
   -5.4519318847406251e-01 
   -5.4729485628093300e-01 
   -5.4926312149398715e-01 
   -5.5109799088658762e-01 
   -5.5279949940527273e-01 
   -5.5436770998232721e-01 
   -5.5580271334945608e-01 
   -5.5710462785271242e-01 
   -5.5827359926881215e-01 
   -5.5930980062295632e-01 
   -5.6021343200826323e-01 
   -5.6098472040689873e-01 
   -5.6162391951297719e-01 
   -5.6213130955729118e-01 
   -5.6250719713391106e-01 
   -5.6275191502868371e-01 
   -5.6286582204964242e-01 
   -5.6284930285932733e-01 
   -5.6270276780900097e-01 
   -5.6242665277472959e-01 
   -5.6202141899528801e-01 
   -5.6148755291183206e-01 
   -5.6082556600926969e-01 
   -5.6003599465924980e-01 
   -5.5911939996467508e-01 
   -5.5807636760563406e-01 
   -5.5690750768663488e-01 
   -5.5561345458501388e-01 
   -5.5419486680038033e-01 
   -5.5265242680494864e-01 
   -5.5098684089460004e-01 
   -5.4919883904050637e-01 
   -5.4728917474113881e-01 
   -5.4525862487447785e-01 
   -5.4310798955023099e-01 
   -5.4083809196185917e-01 
   -5.3844977823820395e-01 
   -5.3594391729450341e-01 
   -5.3332140068257716e-01 
   -5.3058314243995652e-01 
   -5.2773007893773027e-01 
   -5.2476316872687390e-01 
   -5.2168339238282468e-01 
   -5.1849175234806277e-01 
   -5.1518927277245663e-01 
   -5.1177699935112775e-01 
   -5.0825599915958974e-01 
   -5.0462736048591483e-01 
   -5.0089219265968143e-01 
   -4.9705162587745733e-01 
   -4.9310681102457221e-01 
   -4.8905891949293728e-01 
   -4.8490914299466953e-01 
   -4.8065869337128320e-01 
   -4.7630880239821238e-01 
   -4.7186072158443437e-01 
   -4.6731572196696652e-01 
   -4.6267509390001532e-01 
   -4.5794014683856188e-01 
   -4.5311220911617406e-01 
   -4.4819262771684260e-01 
   -4.4318276804064560e-01 
   -4.3808401366305405e-01 
   -4.3289776608769853e-01 
   -4.2762544449242801e-01 
   -4.2226848546849843e-01 
   -4.1682834275274139e-01 
   -4.1130648695257116e-01 
   -4.0570440526370133e-01 
   -4.0002360118045133e-01 
   -3.9426559419853680e-01 
   -3.8843191951024841e-01 
   -3.8252412769193639e-01 
   -3.7654378438373159e-01 
   -3.7049246996144547e-01 
   -3.6437177920060632e-01 
   -3.5818332093260125e-01 
   -3.5192871769290851e-01 
   -3.4560960536141760e-01 
   -3.3922763279484996e-01 
   -3.3278446145130669e-01 
   -3.2628176500698425e-01 
   -3.1972122896511423e-01 
   -3.1310455025719741e-01 
   -3.0643343683661722e-01 
   -2.9970960726473189e-01 
   -2.9293479028956049e-01 
   -2.8611072441719054e-01 
   -2.7923915747605177e-01 
   -2.7232184617421207e-01 
   -2.6536055564986877e-01 
   -2.5835705901521966e-01 
   -2.5131313689391344e-01 
   -2.4423057695229211e-01 
   -2.3711117342465074e-01 
   -2.2995672663275282e-01 
   -2.2276904249985233e-01 
   -2.1554993205948431e-01 
   -2.0830121095929882e-01 
   -2.0102469896022268e-01 
   -1.9372221943124504e-01 
   -1.8639559884013224e-01 
   -1.7904666624038726e-01 
   -1.7167725275477755e-01 
   -1.6428919105576401e-01 
   -1.5688431484317067e-01 
   -1.4946445831944294e-01 
   -1.4203145566284728e-01 
   -1.3458714049897247e-01 
   -1.2713334537089624e-01 
   -1.1967190120838683e-01 
   -1.1220463679651166e-01 
   -1.0473337824402892e-01 
   -9.7259948451940040e-02 
   -8.9786166582582400e-02 
   -8.2313847529642853e-02 
   -7.4844801389472290e-02 
   -6.7380832934081369e-02 
   -5.9923741086195796e-02 
   -5.2475318396747947e-02 
   -4.5037350525178474e-02 
   -3.7611615722918455e-02 
   -3.0199884320418407e-02 
   -2.2803918218085688e-02 
   -1.5425470381486475e-02 
   -8.0662843411623934e-03 
   -7.2809369740519606e-04 
   6.5873783696744018e-03 
   1.3878419584455444e-02 
   2.1143329054173189e-02 
   2.8380417741032400e-02 
   3.5588008927766028e-02 
   4.2764438676347785e-02 
   4.9908056279577492e-02 
   5.7017224705268862e-02 
   6.4090321032780673e-02 
   7.1125736881643684e-02 
   7.8121878832047784e-02 
   8.5077168836965811e-02 
   9.1990044625703107e-02 
   9.8858960098674509e-02 
   1.0568238571322350e-01 
   1.1245880886031108e-01 
   1.1918673423191539e-01 
   1.2586468417899629e-01 
   1.3249119905989259e-01 
   1.3906483757903298e-01 
   1.4558417711585517e-01 
   1.5204781404384121e-01 
   1.5845436403959046e-01 
   1.6480246238186466e-01 
   1.7109076424055294e-01 
   1.7731794495551786e-01 
   1.8348270030529584e-01 
   1.8958374676563877e-01 
   1.9561982175789555e-01 
   2.0158968388724458e-01 
   2.0749211317080041e-01 
   2.1332591125562933e-01 
   2.1908990162671987e-01 
   2.2478292980496542e-01 
   2.3040386353522685e-01 
   2.3595159296455312e-01 
   2.4142503081064817e-01 
   2.4682311252068145e-01 
   2.5214479642054910e-01 
   2.5738906385470112e-01 
   2.6255491931665831e-01 
   2.6764139057035041e-01 
   2.7264752876241488e-01 
   2.7757240852560172e-01 
   2.8241512807343711e-01 
   2.8717480928630407e-01 
   2.9185059778910433e-01 
   2.9644166302067032e-01 
   3.0094719829510086e-01 
   3.0536642085519866e-01 
   3.0969857191819089e-01 
   3.1394291671391750e-01 
   3.1809874451567494e-01 
   3.2216536866390455e-01 
   3.2614212658291813e-01 
   3.3002837979085259e-01 
   3.3382351390304826e-01 
   3.3752693862904548e-01 
   3.4113808776339360e-01 
   3.4465641917046713e-01 
   3.4808141476348248e-01 
   3.5141258047790808e-01 
   3.5464944623945854e-01 
   3.5779156592686284e-01 
   3.6083851732959310e-01 
   3.6378990210073903e-01 
   3.6664534570520940e-01 
   3.6940449736343983e-01 
   3.7206702999078173e-01 
   3.7463264013274389e-01 
   3.7710104789625465e-01 
   3.7947199687710753e-01 
   3.8174525408374965e-01 
   3.8392060985756671e-01 
   3.8599787778981370e-01 
   3.8797689463533608e-01 
   3.8985752022321962e-01 
   3.9163963736450275e-01 
   3.9332315175707894e-01 
   3.9490799188791170e-01 
   3.9639410893267801e-01 
   3.9778147665295066e-01 
   3.9907009129102400e-01 
   4.0025997146248110e-01 
   4.0135115804659460e-01 
   4.0234371407464664e-01 
   4.0323772461624807e-01 
   4.0403329666372989e-01 
   4.0473055901467409e-01 
   4.0532966215264493e-01 
   4.0583077812617507e-01 
   4.0623410042605484e-01 
   4.0653984386096770e-01 
   4.0674824443150698e-01 
   4.0685955920260525e-01 
   4.0687406617439964e-01 
   4.0679206415155245e-01 
   4.0661387261103898e-01 
   4.0633983156841036e-01 
   4.0597030144253266e-01 
   4.0550566291879891e-01 
   4.0494631681080484e-01 
   4.0429268392047474e-01 
   4.0354520489661860e-01 
   4.0270434009189698e-01 
   4.0177056941816575e-01 
   4.0074439220016839e-01 
   3.9962632702753947e-01 
   3.9841691160507897e-01 
   3.9711670260125331e-01 
   3.9572627549487582e-01 
   3.9424622441991564e-01 
   3.9267716200838143e-01 
   3.9101971923122303e-01 
   3.8927454523719213e-01 
   3.8744230718960032e-01 
   3.8552369010091114e-01 
   3.8351939666510032e-01 
   3.8143014708771789e-01 
   3.7925667891358344e-01 
   3.7699974685204535e-01 
   3.7466012259973380e-01 
   3.7223859466073739e-01 
   3.6973596816413173e-01 
   3.6715306467878966e-01 
   3.6449072202540250e-01 
   3.6174979408564167e-01 
   3.5893115060839204e-01 
   3.5603567701298805e-01 
   3.5306427418938624e-01 
   3.5001785829520815e-01 
   3.4689736054959036e-01 
   3.4370372702377988e-01 
   3.4043791842841553e-01 
   3.3710090989743885e-01 
   3.3369369076858013e-01 
   3.3021726436036875e-01 
   3.2667264774562010e-01 
   3.2306087152135476e-01 
   3.1938297957510897e-01 
   3.1564002884759979e-01 
   3.1183308909171215e-01 
   3.0796324262777908e-01 
   3.0403158409513115e-01 
   3.0003922019989521e-01 
   2.9598726945902809e-01 
   2.9187686194057511e-01 
   2.8770913900014816e-01 
   2.8348525301362426e-01 
   2.7920636710606983e-01 
   2.7487365487690135e-01 
   2.7048830012129960e-01 
   2.6605149654789861e-01 
   2.6156444749277802e-01 
   2.5702836562979103e-01 
   2.5244447267726849e-01 
   2.4781399910114280e-01 
   2.4313818381454347e-01 
   2.3841827387392034e-01 
   2.3365552417175722e-01 
   2.2885119712594418e-01 
   2.2400656236588262e-01 
   2.1912289641540325e-01 
   2.1420148237258196e-01 
   2.0924360958654570e-01 
   2.0425057333136434e-01 
   1.9922367447713146e-01 
   1.9416421915834131e-01 
   1.8907351843967529e-01 
   1.8395288797931567e-01 
   1.7880364768990981e-01 
   1.7362712139731301e-01 
   1.6842463649724235e-01 
   1.6319752360997880e-01 
   1.5794711623325927e-01 
   1.5267475039350406e-01 
   1.4738176429552946e-01 
   1.4206949797089893e-01 
   1.3673929292506964e-01 
   1.3139249178349460e-01 
   1.2603043793684382e-01 
   1.2065447518551040e-01 
   1.1526594738357038e-01 
   1.0986619808236731e-01 
   1.0445657017389470e-01 
   9.9038405534151192e-02 
   9.3613044666644968e-02 
   8.8181826346225137e-02 
   8.2746087263418810e-02 
   7.7307161669453353e-02 
   7.1866381022143808e-02 
   6.6425073632825543e-02 
   6.0984564314512248e-02 
   5.5546174031458805e-02 
   5.0111219550308221e-02 
   4.4681013093000682e-02 
   3.9256861991621622e-02 
   3.3840068345364405e-02 
   2.8431928679781365e-02 
   2.3033733608495050e-02 
   1.7646767497539295e-02 
   1.2272308132497328e-02 
   6.9116263886013435e-03 
   1.5659859039551293e-03 
   -3.7633572439618882e-03 
   -9.0751548583541397e-03 
   -1.4368166939581515e-02 
   -1.9641161997895409e-02 
   -2.4892917362295510e-02 
   -3.0122219485367818e-02 
   -3.5327864243968665e-02 
   -4.0508657235624017e-02 
   -4.5663414070518001e-02 
   -5.0790960658949301e-02 
   -5.5890133494139092e-02 
   -6.0959779930279137e-02 
   -6.5998758455713749e-02 
   -7.1005938961154730e-02 
   -7.5980203002833549e-02 
   -8.0920444060500474e-02 
   -8.5825567790185811e-02 
   -9.0694492271643959e-02 
   -9.5526148250406409e-02 
   -1.0031947937437555e-01 
   -1.0507344242489648e-01 
   -1.0978700754225000e-01 
   -1.1445915844551501e-01 
   -1.1908889264675455e-01 
   -1.2367522165948518e-01 
   -1.2821717120139445e-01 
   -1.3271378139127746e-01 
   -1.3716410694016801e-01 
   -1.4156721733664582e-01 
   -1.4592219702630621e-01 
   -1.5022814558538392e-01 
   -1.5448417788852759e-01 
   -1.5868942427072674e-01 
   -1.6284303068339753e-01 
   -1.6694415884463840e-01 
   -1.7099198638367169e-01 
   -1.7498570697949109e-01 
   -1.7892453049373958e-01 
   -1.8280768309784662e-01 
   -1.8663440739445719e-01 
   -1.9040396253318942e-01 
   -1.9411562432076077e-01 
   -1.9776868532552705e-01 
   -2.0136245497648098e-01 
   -2.0489625965676103e-01 
   -2.0836944279172376e-01 
   -2.1178136493163593e-01 
   -2.1513140382904547e-01 
   -2.1841895451089238e-01 
   -2.2164342934542380e-01 
   -2.2480425810397850e-01 
   -2.2790088801770908e-01 
   -2.3093278382931129e-01 
   -2.3389942783983156e-01 
   -2.3680031995062537e-01 
   -2.3963497770054026e-01 
   -2.4240293629839843e-01 
   -2.4510374865085449e-01 
   -2.4773698538570502e-01 
   -2.5030223487072673e-01 
   -2.5279910322812083e-01 
   -2.5522721434464102e-01 
   -2.5758620987748293e-01 
   -2.5987574925601237e-01 
   -2.6209550967941003e-01 
   -2.6424518611030923e-01 
   -2.6632449126450325e-01 
   -2.6833315559679827e-01 
   -2.7027092728308638e-01 
   -2.7213757219871298e-01 
   -2.7393287389321180e-01 
   -2.7565663356147874e-01 
   -2.7730867001145576e-01 
   -2.7888881962839374e-01 
   -2.8039693633576196e-01 
   -2.8183289155287072e-01 
   -2.8319657414927135e-01 
   -2.8448789039599676e-01 
   -2.8570676391370331e-01 
   -2.8685313561777342e-01 
   -2.8792696366043613e-01 
   -2.8892822336996082e-01 
   -2.8985690718697776e-01 
   -2.9071302459797643e-01 
   -2.9149660206603079e-01 
   -2.9220768295879862e-01 
   -2.9284632747384004e-01 
   -2.9341261256129747e-01 
   -2.9390663184397808e-01 
   -2.9432849553487683e-01 
   -2.9467833035217650e-01 
   -2.9495627943175867e-01 
   -2.9516250223725765e-01 
   -2.9529717446768683e-01 
   -2.9536048796266573e-01 
   -2.9535265060527266e-01 
   -2.9527388622254697e-01 
   -2.9512443448366210e-01 
   -2.9490455079578942e-01 
   -2.9461450619766988e-01 
   -2.9425458725090997e-01 
   -2.9382509592901535e-01 
   -2.9332634950417474e-01 
   -2.9275868043180459e-01 
   -2.9212243623286333e-01 
   -2.9141797937394276e-01 
   -2.9064568714514277e-01 
   -2.8980595153573335e-01 
   -2.8889917910760793e-01 
   -2.8792579086652970e-01 
   -2.8688622213117221e-01 
   -2.8578092239995390e-01 
   -2.8461035521566580e-01 
   -2.8337499802789090e-01 
   -2.8207534205321205e-01 
   -2.8071189213320574e-01 
   -2.7928516659021824e-01 
   -2.7779569708091928e-01 
   -2.7624402844762969e-01 
   -2.7463071856741789e-01 
   -2.7295633819896059e-01 
   -2.7122147082716291e-01 
   -2.6942671250553352e-01 
   -2.6757267169630977e-01 
   -2.6565996910832967e-01 
   -2.6368923753264562e-01 
   -2.6166112167587807e-01 
   -2.5957627799130550e-01 
   -2.5743537450768939e-01 
   -2.5523909065583283e-01 
   -2.5298811709287289e-01 
   -2.5068315552430731e-01 
   -2.4832491852375796e-01 
   -2.4591412935047371e-01 
   -2.4345152176457757e-01 
   -2.4093783984006384e-01 
   -2.3837383777555249e-01 
   -2.3576027970280991e-01 
   -2.3309793949304605e-01 
   -2.3038760056100066e-01 
   -2.2763005566683206e-01 
   -2.2482610671582459e-01 
   -2.2197656455593218e-01 
   -2.1908224877317770e-01 
   -2.1614398748492994e-01 
   -2.1316261713108142e-01 
   -2.1013898226315336e-01 
   -2.0707393533135543e-01 
   -2.0396833646963050e-01 
   -2.0082305327871672e-01 
   -1.9763896060726160e-01 
   -1.9441694033102491e-01 
   -1.9115788113020943e-01 
   -1.8786267826496125e-01 
   -1.8453223334908334e-01 
   -1.8116745412200810e-01 
   -1.7776925421907797e-01 
   -1.7433855294018399e-01 
   -1.7087627501681613e-01 
   -1.6738335037757987e-01 
   -1.6386071391223722e-01 
   -1.6030930523433137e-01 
   -1.5673006844245738e-01 
   -1.5312395188024258e-01 
   -1.4949190789510333e-01 
   -1.4583489259584603e-01 
   -1.4215386560918294e-01 
   -1.3844978983523507e-01 
   -1.3472363120209610e-01 
   -1.3097635841953370e-01 
   -1.2720894273190569e-01 
   -1.2342235767037091e-01 
   -1.1961757880447547e-01 
   -1.1579558349319757e-01 
   -1.1195735063553458e-01 
   -1.0810386042071819e-01 
   -1.0423609407814433e-01 
   -1.0035503362710582e-01 
   -9.6461661626416978e-02 
   -9.2556960924020187e-02 
   -8.8641914406665495e-02 
   -8.4717504749755104e-02 
   -8.0784714167445162e-02 
   -7.6844524163098143e-02 
   -7.2897915280179262e-02 
   -6.8945866853691001e-02 
   -6.4989356762240033e-02 
   -6.1029361180830903e-02 
   -5.7066854334481006e-02 
   -5.3102808252751238e-02 
   -4.9138192525286638e-02 
   -4.5173974058460964e-02 
   -4.1211116833218812e-02 
   -3.7250581664208395e-02 
   -3.3293325960297472e-02 
   -2.9340303486564266e-02 
   -2.5392464127854300e-02 
   -2.1450753653993283e-02 
   -1.7516113486745068e-02 
   -1.3589480468602640e-02 
   -9.6717866334988679e-03 
   -5.7639589795224298e-03 
   -1.8669192437229544e-03 
   2.0184163209120989e-03 
   5.8911371662278521e-03 
   9.7503386673404024e-03 
   1.3595122338665647e-02 
   1.7424596047462756e-02 
   2.1237874224818459e-02 
   2.5034078074000203e-02 
   2.8812335776108304e-02 
   3.2571782692959281e-02 
   3.6311561567134713e-02 
   4.0030822719132095e-02 
   4.3728724241556528e-02 
   4.7404432190294249e-02 
   5.1057120772611354e-02 
   5.4685972532123553e-02 
   5.8290178530584991e-02 
   6.1868938526446760e-02 
   6.5421461150138097e-02 
   6.8946964076025727e-02 
   7.2444674191009362e-02 
   7.5913827759713753e-02 
   7.9353670586240266e-02 
   8.2763458172443419e-02 
   8.6142455872700377e-02 
   8.9489939045143713e-02 
   9.2805193199330546e-02 
   9.6087514140323266e-02 
   9.9336208109159732e-02 
   1.0255059191969326e-01 
   1.0572999309178503e-01 
   1.0887374998083385e-01 
   1.1198121190363078e-01 
   1.1505173926052822e-01 
   1.1808470365391545e-01 
   1.2107948800299459e-01 
   1.2403548665485366e-01 
   1.2695210549183483e-01 
   1.2982876203519866e-01 
   1.3266488554508679e-01 
   1.3545991711678754e-01 
   1.3821330977331100e-01 
   1.4092452855428197e-01 
   1.4359305060116040e-01 
   1.4621836523880183e-01 
   1.4879997405337062e-01 
   1.5133739096662158e-01 
   1.5383014230656628e-01 
   1.5627776687454226e-01 
   1.5867981600870454e-01 
   1.6103585364396017e-01 
   1.6334545636836806e-01 
   1.6560821347602711e-01 
   1.6782372701647699e-01 
   1.6999161184063707e-01 
   1.7211149564330980e-01 
   1.7418301900227570e-01 
   1.7620583541400817e-01 
   1.7817961132603685e-01 
   1.8010402616598928e-01 
   1.8197877236734064e-01 
   1.8380355539190271e-01 
   1.8557809374908293e-01 
   1.8730211901194546e-01 
   1.8897537583010610e-01 
   1.9059762193949323e-01 
   1.9216862816900779e-01 
   1.9368817844411440e-01 
   1.9515606978739711e-01 
   1.9657211231611205e-01 
   1.9793612923677059e-01 
   1.9924795683678537e-01 
   2.0050744447321234e-01 
   2.0171445455862141e-01 
   2.0286886254412814e-01 
   2.0397055689961888e-01 
   2.0501943909120143e-01 
   2.0601542355591276e-01 
   2.0695843767371544e-01 
   2.0784842173681359e-01 
   2.0868532891631911e-01 
   2.0946912522629849e-01 
   2.1019978948522969e-01 
   2.1087731327489861e-01 
   2.1150170089676390e-01 
   2.1207296932581823e-01 
   2.1259114816197394e-01 
   2.1305627957900009e-01 
   2.1346841827103771e-01 
   2.1382763139671926e-01 
   2.1413399852091758e-01 
   2.1438761155414970e-01 
   2.1458857468965947e-01 
   2.1473700433820281e-01 
   2.1483302906055909e-01 
   2.1487678949779085e-01 
   2.1486843829927418e-01 
   2.1480814004852136e-01 
   2.1469607118681638e-01 
   2.1453241993468414e-01 
   2.1431738621121316e-01 
   2.1405118155125130e-01 
   2.1373402902049332e-01 
   2.1336616312847906e-01 
   2.1294782973952006e-01 
   2.1247928598157279e-01 
   2.1196080015307520e-01 
   2.1139265162776416e-01 
   2.1077513075749016e-01 
   2.1010853877304561e-01 
   2.0939318768302312e-01 
   2.0862940017071940e-01 
   2.0781750948910066e-01 
   2.0695785935384492e-01 
   2.0605080383447691e-01 
   2.0509670724361057e-01 
   2.0409594402431469e-01 
   2.0304889863561701e-01 
   2.0195596543616187e-01 
   2.0081754856603701e-01 
   1.9963406182678486e-01 
   1.9840592855961403e-01 
   1.9713358152182678e-01 
   1.9581746276147843e-01 
   1.9445802349028510e-01 
   1.9305572395479617e-01 
   1.9161103330584864e-01 
   1.9012442946632024e-01 
   1.8859639899719943e-01 
   1.8702743696198998e-01 
   1.8541804678946894e-01 
   1.8376874013481709e-01 
   1.8208003673914144e-01 
   1.8035246428740995e-01 
   1.7858655826481931e-01 
   1.7678286181161740e-01 
   1.7494192557640220e-01 
   1.7306430756792032e-01 
   1.7115057300538844e-01 
   1.6920129416736199e-01 
   1.6721705023917624e-01 
   1.6519842715898536e-01 
   1.6314601746242646e-01 
   1.6106042012593574e-01 
   1.5894224040874527e-01 
   1.5679208969358954e-01 
   1.5461058532615191e-01 
   1.5239835045328165e-01 
   1.5015601386001390e-01 
   1.4788420980542472e-01 
   1.4558357785735532e-01 
   1.4325476272604001e-01 
   1.4089841409667314e-01 
   1.3851518646095168e-01 
   1.3610573894763062e-01 
   1.3367073515212965e-01 
   1.3121084296523003e-01 
   1.2872673440090188e-01 
   1.2621908542330273e-01 
   1.2368857577298939e-01 
   1.2113588879238545e-01 
   1.1856171125054835e-01 
   1.1596673316728014e-01 
   1.1335164763662726e-01 
   1.1071715064981527e-01 
   1.0806394091766530e-01 
   1.0539271969253973e-01 
   1.0270419058986531e-01 
   9.9999059409282720e-02 
   9.7278033955471965e-02 
   9.4541823858704035e-02 
   9.1791140395169460e-02 
   8.9026696307135264e-02 
   8.6249205622982120e-02 
   8.3459383477174173e-02 
   8.0657945930214386e-02 
   7.7845609788638567e-02 
   7.5023092425101912e-02 
   7.2191111598611885e-02 
   6.9350385274961721e-02 
   6.6501631447419246e-02 
   6.3645567957725496e-02 
   6.0782912317458200e-02 
   5.7914381529815144e-02 
   5.5040691911872393e-02 
   5.2162558917372592e-02 
   4.9280696960098402e-02 
   4.6395819237886091e-02 
   4.3508637557334258e-02 
   4.0619862159262395e-02 
   3.7730201544973897e-02 
   3.4840362303377830e-02 
   3.1951048939023459e-02 
   2.9062963701101244e-02 
   2.6176806413463601e-02 
   2.3293274305718269e-02 
   2.0413061845446737e-02 
   1.7536860571599536e-02 
   1.4665358929119784e-02 
   1.1799242104845660e-02 
   8.9391918647418970e-03 
   6.0858863925097022e-03 
   3.2400001296237517e-03 
   4.0220361684419189e-04 
   -2.4268366627492343e-03 
   -5.2464584391546578e-03 
   -8.0560038092317206e-03 
   -1.0854819388826860e-02 
   -1.3642256463196646e-02 
   -1.6417671135686540e-02 
   -1.9180424474623432e-02 
   -2.1929882658381313e-02 
   -2.4665417118580522e-02 
   -2.7386404681382037e-02 
   -3.0092227706839347e-02 
   -3.2782274226271634e-02 
   -3.5455938077623039e-02 
   -3.8112619038773943e-02 
   -4.0751722958771427e-02 
   -4.3372661886947120e-02 
   -4.5974854199892001e-02 
   -4.8557724726258765e-02 
   -5.1120704869363605e-02 
   -5.3663232727560607e-02 
   -5.6184753212362978e-02 
   -5.8684718164286678e-02 
   -6.1162586466393200e-02 
   -6.3617824155509567e-02 
   -6.6049904531104625e-02 
   -6.8458308261802228e-02 
   -7.0842523489512838e-02 
   -7.3202045931166498e-02 
   -7.5536378978031227e-02 
   -7.7845033792602131e-02 
   -8.0127529403047626e-02 
   -8.2383392795200516e-02 
   -8.4612159002082674e-02 
   -8.6813371190953240e-02 
   -8.8986580747871469e-02 
   -9.1131347359766440e-02 
   -9.3247239094006881e-02 
   -9.5333832475465480e-02 
   -9.7390712561073234e-02 
   -9.9417473011860144e-02 
   -1.0141371616247992e-01 
   -1.0337905308821703e-01 
   -1.0531310366947572e-01 
   -1.0721549665375125e-01 
   -1.0908586971508491e-01 
   -1.1092386951100472e-01 
   -1.1272915173695529e-01 
   -1.1450138117822047e-01 
   -1.1624023175934381e-01 
   -1.1794538659105223e-01 
   -1.1961653801468930e-01 
   -1.2125338764416513e-01 
   -1.2285564640543079e-01 
   -1.2442303457348548e-01 
   -1.2595528180692586e-01 
   -1.2745212718004686e-01 
   -1.2891331921250482e-01 
   -1.3033861589655332e-01 
   -1.3172778472186358e-01 
   -1.3308060269794111e-01 
   -1.3439685637415111e-01 
   -1.3567634185736563e-01 
   -1.3691886482724575e-01 
   -1.3812424054917244e-01 
   -1.3929229388484032e-01 
   -1.4042285930052889e-01 
   -1.4151578087306585e-01 
   -1.4257091229349769e-01 
   -1.4358811686848316e-01 
   -1.4456726751942503e-01 
   -1.4550824677935623e-01 
   -1.4641094678759634e-01 
   -1.4727526928219509e-01 
   -1.4810112559017902e-01 
   -1.4888843661561821e-01 
   -1.4963713282552987e-01 
   -1.5034715423363582e-01 
   -1.5101845038199066e-01 
   -1.5165098032049817e-01 
   -1.5224471258433300e-01 
   -1.5279962516928489e-01 
   -1.5331570550504300e-01 
   -1.5379295042643776e-01 
   -1.5423136614265737e-01 
   -1.5463096820445704e-01 
   -1.5499178146937792e-01 
   -1.5531384006499352e-01 
   -1.5559718735020106e-01 
   -1.5584187587457543e-01 
   -1.5604796733580303e-01 
   -1.5621553253521309e-01 
   -1.5634465133142408e-01 
   -1.5643541259212265e-01 
   -1.5648791414399232e-01 
   -1.5650226272080972e-01 
   -1.5647857390972561e-01 
   -1.5641697209574806e-01 
   -1.5631759040444546e-01 
   -1.5618057064288632e-01 
   -1.5600606323883373e-01 
   -1.5579422717821140e-01 
   -1.5554522994085915e-01 
   -1.5525924743459488e-01 
   -1.5493646392760052e-01 
   -1.5457707197914961e-01 
   -1.5418127236869372e-01 
   -1.5374927402332544e-01 
   -1.5328129394363524e-01 
   -1.5277755712798016e-01 
   -1.5223829649518172e-01 
   -1.5166375280567101e-01 
   -1.5105417458109874e-01 
   -1.5040981802242812e-01 
   -1.4973094692652877e-01 
   -1.4901783260128978e-01 
   -1.4827075377927024e-01 
   -1.4748999652990555e-01 
   -1.4667585417028847e-01 
   -1.4582862717454323e-01 
   -1.4494862308181206e-01 
   -1.4403615640287298e-01 
   -1.4309154852540840e-01 
   -1.4211512761794387e-01 
   -1.4110722853247706e-01 
   -1.4006819270581669e-01 
   -1.3899836805965182e-01 
   -1.3789810889937199e-01 
   -1.3676777581165903e-01 
   -1.3560773556087158e-01 
   -1.3441836098424362e-01 
   -1.3320003088591878e-01 
   -1.3195312992984232e-01 
   -1.3067804853153303e-01 
   -1.2937518274875784e-01 
   -1.2804493417113177e-01 
   -1.2668770980866675e-01 
   -1.2530392197929291e-01 
   -1.2389398819537618e-01 
   -1.2245833104925667e-01 
   -1.2099737809783251e-01 
   -1.1951156174621418e-01 
   -1.1800131913047480e-01 
   -1.1646709199952231e-01 
   -1.1490932659611947e-01 
   -1.1332847353707855e-01 
   -1.1172498769265754e-01 
   -1.1009932806518524e-01 
   -1.0845195766694289e-01 
   -1.0678334339733056e-01 
   -1.0509395591934673e-01 
   -1.0338426953540986e-01 
   -1.0165476206255131e-01 
   -9.9905914707009019e-02 
   -9.8138211938252062e-02 
   -9.6352141362466351e-02 
   -9.4548193595532043e-02 
   -9.2726862135523835e-02 
   -9.0888643234765309e-02 
   -8.9034035771469094e-02 
   -8.7163541120994781e-02 
   -8.5277663026756906e-02 
   -8.3376907470815498e-02 
   -8.1461782544182182e-02 
   -7.9532798316874792e-02 
   -7.7590466707754061e-02 
   -7.5635301354175857e-02 
   -7.3667817481492939e-02 
   -7.1688531772440223e-02 
   -6.9697962236437871e-02 
   -6.7696628078846618e-02 
   -6.5685049570210013e-02 
   -6.3663747915518293e-02 
   -6.1633245123528746e-02 
   -5.9594063876177682e-02 
   -5.7546727398119023e-02 
   -5.5491759326424743e-02 
   -5.3429683580482355e-02 
   -5.1361024232124755e-02 
   -4.9286305376027698e-02 
   -4.7206051000410212e-02 
   -4.5120784858073193e-02 
   -4.3031030337811423e-02 
   -4.0937310336234170e-02 
   -3.8840147130029458e-02 
   -3.6740062248706941e-02 
   -3.4637576347854311e-02 
   -3.2533209082941827e-02 
   -3.0427478983709604e-02 
   -2.8320903329171948e-02 
   -2.6213998023272900e-02 
   -2.4107277471226887e-02 
   -2.2001254456578155e-02 
   -1.9896440019012352e-02 
   -1.7793343332953376e-02 
   -1.5692471586978306e-02 
   -1.3594329864082814e-02 
   -1.1499421022829252e-02 
   -9.4082455794090979e-03 
   -7.3213015906511848e-03 
   -5.2390845380066216e-03 
   -3.1620872125409883e-03 
   -1.0907996009638927e-03 
   9.7429122727445312e-04 
   3.0327012317904588e-03 
   5.0839495119494845e-03 
   7.1275584163950781e-03 
   9.1630536513974421e-03 
   1.1189964387993972e-02 
   1.3207823367895270e-02 
   1.5216167008130561e-02 
   1.7214535504407043e-02 
   1.9202472933158250e-02 
   2.1179527352257112e-02 
   2.3145250900369986e-02 
   2.5099199894928568e-02 
   2.7040934928697150e-02 
   2.8970020964913398e-02 
   3.0886027430981396e-02 
   3.2788528310696327e-02 
   3.4677102234980918e-02 
   3.6551332571114252e-02 
   3.8410807510434380e-02 
   4.0255120154496699e-02 
   4.2083868599670796e-02 
   4.3896656020159068e-02 
   4.5693090749421177e-02 
   4.7472786359988937e-02 
   4.9235361741657054e-02 
   5.0980441178035643e-02 
   5.2707654421451283e-02 
   5.4416636766183905e-02 
   5.6107029120027484e-02 
   5.7778478074163274e-02 
   5.9430635971334834e-02 
   6.1063160972314880e-02 
   6.2675717120654534e-02 
   6.4267974405706238e-02 
   6.5839608823912307e-02 
   6.7390302438351549e-02 
   6.8919743436537187e-02 
   7.0427626186459841e-02 
   7.1913651290869962e-02 
   7.3377525639794688e-02 
   7.4818962461284763e-02 
   7.6237681370387611e-02 
   7.7633408416343419e-02 
   7.9005876128001473e-02 
   8.0354823557454644e-02 
   8.1679996321890450e-02 
   8.2981146643657688e-02 
   8.4258033388548079e-02 
   8.5510422102292996e-02 
   8.6738085045275720e-02 
   8.7940801225460316e-02 
   8.9118356429538609e-02 
   9.0270543252297150e-02 
   9.1397161124206761e-02 
   9.2498016337237393e-02 
   9.3572922068901720e-02 
   9.4621698404531232e-02 
   9.5644172357788895e-02 
   9.6640177889423098e-02 
   9.7609555924267774e-02 
   9.8552154366494060e-02 
   9.9467828113119244e-02 
   1.0035643906577911e-01 
   1.0121785614077011e-01 
   1.0205195527736809e-01 
   1.0285861944443078e-01 
   1.0363773864529147e-01 
   1.0438920992095144e-01 
   1.0511293735157949e-01 
   1.0580883205632666e-01 
   1.0647681219146476e-01 
   1.0711680294685777e-01 
   1.0772873654077503e-01 
   1.0831255221305580e-01 
   1.0886819621663471e-01 
   1.0939562180743798e-01 
   1.0989478923266059e-01 
   1.1036566571743471e-01 
   1.1080822544989981e-01 
   1.1122244956468536e-01 
   1.1160832612481698e-01 
   1.1196585010205720e-01 
   1.1229502335569207e-01 
   1.1259585460977535e-01 
   1.1286835942884176e-01 
   1.1311256019210117e-01 
   1.1332848606612599e-01 
   1.1351617297604358e-01 
   1.1367566357524639e-01 
   1.1380700721363214e-01 
   1.1391025990438675e-01 
   1.1398548428932283e-01 
   1.1403274960278681e-01 
   1.1405213163414758e-01 
   1.1404371268888019e-01 
   1.1400758154825773e-01 
   1.1394383342766515e-01 
   1.1385256993354860e-01 
   1.1373389901901410e-01 
   1.1358793493808951e-01 
   1.1341479819866400e-01 
   1.1321461551411904e-01 
   1.1298751975366556e-01 
   1.1273364989140151e-01 
   1.1245315095410480e-01 
   1.1214617396777604e-01 
   1.1181287590294642e-01 
   1.1145341961876543e-01 
   1.1106797380588400e-01 
   1.1065671292814819e-01 
   1.1021981716311902e-01 
   1.0975747234143417e-01 
   1.0926986988502733e-01 
   1.0875720674422117e-01 
   1.0821968533371003e-01 
   1.0765751346744874e-01 
   1.0707090429246394e-01 
   1.0646007622160440e-01 
   1.0582525286524742e-01 
   1.0516666296197787e-01 
   1.0448454030825728e-01 
   1.0377912368710017e-01 
   1.0305065679577492e-01 
   1.0229938817254708e-01 
   1.0152557112248262e-01 
   1.0072946364232938e-01 
   9.9911328344494607e-02 
   9.9071432380137131e-02 
   9.8210047361392563e-02 
   9.7327449282750222e-02 
   9.6423918441600726e-02 
   9.5499739357973318e-02 
   9.4555200693482055e-02 
   9.3590595169500440e-02 
   9.2606219484584001e-02 
   9.1602374231160730e-02 
   9.0579363811509231e-02 
   8.9537496353044907e-02 
   8.8477083622934424e-02 
   8.7398440942059008e-02 
   8.6301887098347366e-02 
   8.5187744259499071e-02 
   8.4056337885119473e-02 
   8.2907996638287490e-02 
   8.1743052296577537e-02 
   8.0561839662557422e-02 
   7.9364696473783747e-02 
   7.8151963312316913e-02 
   7.6923983513777758e-02 
   7.5681103075968079e-02 
   7.4423670567077466e-02 
   7.3152037033498998e-02 
   7.1866555907276489e-02 
   7.0567582913206153e-02 
   6.9255475975615641e-02 
   6.7930595124843562e-02 
   6.6593302403442717e-02 
   6.5243961772130390e-02 
   6.3882939015509177e-02 
   6.2510601647581848e-02 
   6.1127318817083998e-02 
   5.9733461212658101e-02 
   5.8329400967892936e-02 
   5.6915511566252221e-02 
   5.5492167745916386e-02 
   5.4059745404561627e-02 
   5.2618621504100203e-02 
   5.1169173975406185e-02 
   4.9711781623050760e-02 
   4.8246824030071307e-02 
   4.6774681462798423e-02 
   4.5295734775765102e-02 
   4.3810365316722250e-02 
   4.2318954831784765e-02 
   4.0821885370732308e-02 
   3.9319539192488893e-02 
   3.7812298670805392e-02 
   3.6300546200169009e-02 
   3.4784664101963680e-02 
   3.3265034530905284e-02 
   3.1742039381775500e-02 
   3.0216060196478024e-02 
   2.8687478071440804e-02 
   2.7156673565387732e-02 
   2.5624026607503243e-02 
   2.4089916406013025e-02 
   2.2554721357203971e-02 
   2.1018818954906333e-02 
   1.9482585700460821e-02 
   1.7946397013193310e-02 
   1.6410627141419557e-02 
   1.4875649074002170e-02 
   1.3341834452481856e-02 
   1.1809553483804771e-02 
   1.0279174853667562e-02 
   8.7510656405014736e-03 
   7.2255912301166184e-03 
   5.7031152310273153e-03 
   4.1839993904790769e-03 
   2.6686035111976140e-03 
   1.1572853688799124e-03 
   -3.4959936955282728e-04 
   -1.8516972269208923e-03 
   -3.3486569959512123e-03 
   -4.8401298186230785e-03 
   -6.3257692646758561e-03 
   -7.8052314092604365e-03 
   -9.2781749097165106e-03 
   -1.0744261081458071e-02 
   -1.2203153972949901e-02 
   -1.3654520439758143e-02 
   -1.5098030217658400e-02 
   -1.6533355994785181e-02 
   -1.7960173482806856e-02 
   -1.9378161487110662e-02 
   -2.0787001975982666e-02 
   -2.2186380148767976e-02 
   -2.3575984502996861e-02 
   -2.4955506900462811e-02 
   -2.6324642632239006e-02 
   -2.7683090482619979e-02 
   -2.9030552791975701e-02 
   -3.0366735518505716e-02 
   -3.1691348298881275e-02 
   -3.3004104507763934e-02 
   -3.4304721316189363e-02 
   -3.5592919748805588e-02 
   -3.6868424739955274e-02 
   -3.8130965188592027e-02 
   -3.9380274012021120e-02 
   -4.0616088198455469e-02 
   -4.1838148858378048e-02 
   -4.3046201274702309e-02 
   -4.4239994951722698e-02 
   -4.5419283662847580e-02 
   -4.6583825497107420e-02 
   -4.7733382904431410e-02 
   -4.8867722739686099e-02 
   -4.9986616305470057e-02 
   -5.1089839393658874e-02 
   -5.2177172325695326e-02 
   -5.3248399991619753e-02 
   -5.4303311887836270e-02 
   -5.5341702153610603e-02 
   -5.6363369606295934e-02 
   -5.7368117775283264e-02 
   -5.8355754934673432e-02 
   -5.9326094134668092e-02 
   -6.0278953231677375e-02 
   -6.1214154917142376e-02 
   -6.2131526745070852e-02 
   -6.3030901158284955e-02 
   -6.3912115513380122e-02 
   -6.4775012104394569e-02 
   -6.5619438185189269e-02 
   -6.6445245990538429e-02 
   -6.7252292755931004e-02 
   -6.8040440736084049e-02 
   -6.8809557222168943e-02 
   -6.9559514557751875e-02 
   -7.0290190153450435e-02 
   -7.1001466500308155e-02 
   -7.1693231181889375e-02 
   -7.2365376885097130e-02 
   -7.3017801409716768e-02 
   -7.3650407676688581e-02 
   -7.4263103735112898e-02 
   -7.4855802767991322e-02 
   -7.5428423096708053e-02 
   -7.5980888184255677e-02 
   -7.6513126637209772e-02 
   -7.7025072206457199e-02 
   -7.7516663786683024e-02 
   -7.7987845414621379e-02 
   -7.8438566266075718e-02 
   -7.8868780651714154e-02 
   -7.9278448011645949e-02 
   -7.9667532908785213e-02 
   -8.0036005021008327e-02 
   -8.0383839132111695e-02 
   -8.0711015121576565e-02 
   -8.1017517953148169e-02 
   -8.1303337662236241e-02 
   -8.1568469342144553e-02 
   -8.1812913129137008e-02 
   -8.2036674186348205e-02 
   -8.2239762686546619e-02 
   -8.2422193793758425e-02 
   -8.2583987643760681e-02 
   -8.2725169323452266e-02 
   -8.2845768849111545e-02 
   -8.2945821143549564e-02 
   -8.3025366012168145e-02 
   -8.3084448117932072e-02 
   -8.3123116955264878e-02 
   -8.3141426822878006e-02 
   -8.3139436795543101e-02 
   -8.3117210694817464e-02 
   -8.3074817058732847e-02 
   -8.3012329110457889e-02 
   -8.2929824725944762e-02 
   -8.2827386400570607e-02 
   -8.2705101214784540e-02 
   -8.2563060798771293e-02 
   -8.2401361296142464e-02 
   -8.2220103326666794e-02 
   -8.2019391948050718e-02 
   -8.1799336616780877e-02 
   -8.1560051148040213e-02 
   -8.1301653674709554e-02 
   -8.1024266605466688e-02 
   -8.0728016581994980e-02 
   -8.0413034435313918e-02 
   -8.0079455141243996e-02 
   -7.9727417775018378e-02 
   -7.9357065465054236e-02 
   -7.8968545345896424e-02 
   -7.8562008510346559e-02 
   -7.8137609960790666e-02 
   -7.7695508559738419e-02 
   -7.7235866979587661e-02 
   -7.6758851651627463e-02 
   -7.6264632714293512e-02 
   -7.5753383960689480e-02 
   -7.5225282785388453e-02 
   -7.4680510130528260e-02 
   -7.4119250431214936e-02 
   -7.3541691560248701e-02 
   -7.2948024772186676e-02 
   -7.2338444646756983e-02 
   -7.1713149031638876e-02 
   -7.1072338984623631e-02 
   -7.0416218715171119e-02 
   -6.9744995525377038e-02 
   -6.9058879750365912e-02 
   -6.8358084698125182e-02 
   -6.7642826588795557e-02 
   -6.6913324493433318e-02 
   -6.6169800272259841e-02 
   -6.5412478512414315e-02 
   -6.4641586465225123e-02 
   -6.3857353983016008e-02 
   -6.3060013455462804e-02 
   -6.2249799745516893e-02 
   -6.1426950124911471e-02 
   -6.0591704209266933e-02 
   -5.9744303892811657e-02 
   -5.8884993282734596e-02 
   -5.8014018633186198e-02 
   -5.7131628278944184e-02 
   -5.6238072568760879e-02 
   -5.5333603798408723e-02 
   -5.4418476143440864e-02 
   -5.3492945591683536e-02 
   -5.2557269875477229e-02 
   -5.1611708403683579e-02 
   -5.0656522193474933e-02 
   -4.9691973801923743e-02 
   -4.8718327257408801e-02 
   -4.7735847990855493e-02 
   -4.6744802766827222e-02 
   -4.5745459614485257e-02 
   -4.4738087758434138e-02 
   -4.3722957549469990e-02 
   -4.2700340395248913e-02 
   -4.1670508690892803e-02 
   -4.0633735749549836e-02 
   -3.9590295732926904e-02 
   -3.8540463581811277e-02 
   -3.7484514946598789e-02 
   -3.6422726117845756e-02 
   -3.5355373956861884e-02 
   -3.4282735826361370e-02 
   -3.3205089521189370e-02 
   -3.2122713199140986e-02 
   -3.1035885311889846e-02 
   -2.9944884536043357e-02 
   -2.8849989704341616e-02 
   -2.7751479737016915e-02 
   -2.6649633573330743e-02 
   -2.5544730103305054e-02 
   -2.4437048099664557e-02 
   -2.3326866150006703e-02 
   -2.2214462589215868e-02 
   -2.1100115432138290e-02 
   -1.9984102306534059e-02 
   -1.8866700386322502e-02 
   -1.7748186325137069e-02 
   -1.6628836190205810e-02 
   -1.5508925396573362e-02 
   -1.4388728641680256e-02 
   -1.3268519840315206e-02 
   -1.2148572059955945e-02 
   -1.1029157456513984e-02 
   -9.9105472104985669e-03 
   -8.7930114636149068e-03 
   -7.6768192558116632e-03 
   -6.5622384627924352e-03 
   -5.4495357340058944e-03 
   -4.3389764311290002e-03 
   -3.2308245670575747e-03 
   -2.1253427454183240e-03 
   -1.0227921006162103e-03 
   7.6567761569102961e-05 
   1.1724788228242142e-03 
   2.2646847105670278e-03 
   3.3529307556227576e-03 
   4.4369640492979692e-03 
   5.5165334998399599e-03 
   6.5913898882689718e-03 
   7.6612859235709726e-03 
   8.7259762972389365e-03 
   9.7852177371508028e-03 
   1.0838769060772493e-02 
   1.1886391227674625e-02 
   1.2927847391351775e-02 
   1.3962902950333367e-02 
   1.4991325598575550e-02 
   1.6012885375123607e-02 
   1.7027354713034720e-02 
   1.8034508487551160e-02 
   1.9034124063514197e-02 
   2.0025981342009287e-02 
   2.1009862806233359e-02 
   2.1985553566575243e-02 
   2.2952841404900566e-02 
   2.3911516818032681e-02 
   2.4861373060421466e-02 
   2.5802206185992053e-02 
   2.6733815089165860e-02 
   2.7656001545046504e-02 
   2.8568570248763477e-02 
   2.9471328853966680e-02 
   3.0364088010465251e-02 
   3.1246661401004263e-02 
   3.2118865777173246e-02 
   3.2980520994440689e-02 
   3.3831450046308949e-02 
   3.4671479097584251e-02 
   3.5500437516756737e-02 
   3.6318157907485750e-02 
   3.7124476139185861e-02 
   3.7919231376709335e-02 
   3.8702266109121038e-02 
   3.9473426177561985e-02 
   4.0232560802198100e-02 
   4.0979522608250878e-02 
   4.1714167651106956e-02 
   4.2436355440503913e-02 
   4.3145948963789704e-02 
   4.3842814708253575e-02 
   4.4526822682526411e-02 
   4.5197846437048807e-02 
   4.5855763083605304e-02 
   4.6500453313923579e-02 
   4.7131801417337513e-02 
   4.7749695297513425e-02 
   4.8354026488238833e-02 
   4.8944690168273519e-02 
   4.9521585175262763e-02 
   5.0084614018712899e-02 
   5.0633682892029602e-02 
   5.1168701683619484e-02 
   5.1689583987055844e-02 
   5.2196247110309624e-02 
   5.2688612084046821e-02 
   5.3166603668993888e-02 
   5.3630150362372751e-02 
   5.4079184403407483e-02 
   5.4513641777904596e-02 
   5.4933462221909458e-02 
   5.5338589224441244e-02 
   5.5728970029309231e-02 
   5.6104555636013374e-02 
   5.6465300799732290e-02 
   5.6811164030401998e-02 
   5.7142107590888946e-02 
   5.7458097494261097e-02 
   5.7759103500160870e-02 
   5.8045099110284180e-02 
   5.8316061562969784e-02 
   5.8571971826903386e-02 
   5.8812814593941221e-02 
   5.9038578271057851e-02 
   5.9249254971423283e-02 
   5.9444840504614488e-02 
   5.9625334365966717e-02 
   5.9790739725070124e-02 
   5.9941063413417352e-02 
   6.0076315911207961e-02 
   6.0196511333315716e-02 
   6.0301667414424817e-02 
   6.0391805493341513e-02 
   6.0466950496487530e-02 
   6.0527130920581922e-02 
   6.0572378814518178e-02 
   6.0602729760443515e-02 
   6.0618222854047422e-02 
   6.0618900684066723e-02 
   6.0604809311014515e-02 
   6.0575998245140490e-02 
   6.0532520423630339e-02 
   6.0474432187051994e-02 
   6.0401793255056693e-02 
   6.0314666701342876e-02 
   6.0213118927891184e-02 
   6.0097219638478847e-02 
   5.9967041811481943e-02 
   5.9822661671974135e-02 
   5.9664158663130573e-02 
   5.9491615416945851e-02 
   5.9305117724274908e-02 
   5.9104754504206068e-02 
   5.8890617772775329e-02 
   5.8662802611031246e-02 
   5.8421407132459906e-02 
   5.8166532449779464e-02 
   5.7898282641113949e-02 
   5.7616764715556122e-02 
   5.7322088578129239e-02 
   5.7014366994157732e-02 
   5.6693715553056898e-02 
   5.6360252631551783e-02 
   5.6014099356335591e-02 
   5.5655379566177984e-02 
   5.5284219773493765e-02 
   5.4900749125382599e-02 
   5.4505099364150392e-02 
   5.4097404787323132e-02 
   5.3677802207164060e-02 
   5.3246430909705163e-02 
   5.2803432613303954e-02 
   5.2348951426736769e-02 
   5.1883133806839711e-02 
   5.1406128515708568e-02 
   5.0918086577469081e-02 
   5.0419161234628994e-02 
   4.9909507904023397e-02 
   4.9389284132364999e-02 
   4.8858649551410942e-02 
   4.8317765832757889e-02 
   4.7766796642277239e-02 
   4.7205907594202220e-02 
   4.6635266204878914e-02 
   4.6055041846193044e-02 
   4.5465405698684652e-02 
   4.4866530704362723e-02 
   4.4258591519231866e-02 
   4.3641764465543263e-02 
   4.3016227483782102e-02 
   4.2382160084403743e-02 
   4.1739743299330945e-02 
   4.1089159633224494e-02 
   4.0430593014539599e-02 
   3.9764228746380498e-02 
   3.9090253457165651e-02 
   3.8408855051116048e-02 
   3.7720222658579064e-02 
   3.7024546586200420e-02 
   3.6322018266956718e-02 
   3.5612830210061112e-02 
   3.4897175950754665e-02 
   3.4175249999995917e-02 
   3.3447247794061261e-02 
   3.2713365644068640e-02 
   3.1973800685437148e-02 
   3.1228750827295069e-02 
   3.0478414701848911e-02 
   2.9722991613725939e-02 
   2.8962681489302727e-02 
   2.8197684826032236e-02 
   2.7428202641781869e-02 
   2.6654436424194957e-02 
   2.5876588080088084e-02 
   2.5094859884896653e-02 
   2.4309454432181011e-02 
   2.3520574583205462e-02 
   2.2728423416602434e-02 
   2.1933204178134002e-02 
   2.1135120230562948e-02 
   2.0334375003645478e-02 
   1.9531171944257644e-02 
   1.8725714466667487e-02 
   1.7918205902964803e-02 
   1.7108849453660466e-02 
   1.6297848138467023e-02 
   1.5485404747272374e-02 
   1.4671721791318110e-02 
   1.3857001454594141e-02 
   1.3041445545461054e-02 
   1.2225255448511631e-02 
   1.1408632076682820e-02 
   1.0591775823629374e-02 
   9.7748865163702989e-03 
   8.9581633682190957e-03 
   8.1418049320087522e-03 
   7.3260090536222712e-03 
   6.5109728258394449e-03 
   5.6968925425104708e-03 
   4.8839636530668851e-03 
   4.0723807173801687e-03 
   3.2623373609782708e-03 
   2.4540262306301610e-03 
   1.6476389503084035e-03 
   8.4336607753961309e-04 
   4.1397060152522703e-05 
   -7.5807980656674031e-04 
   -1.5548774223027094e-03 
   -2.3488099237126440e-03 
   -3.1396927259934272e-03 
   -3.9273425640042534e-03 
   -4.7115775329362210e-03 
   -5.4922171285200850e-03 
   -6.2690822867635752e-03 
   -7.0419954232098401e-03 
   -7.8107804717087274e-03 
   -8.5752629226927765e-03 
   -9.3352698609499400e-03 
   -1.0090630002885228e-02 
   -1.0841173733263621e-02 
   -1.1586733141426751e-02 
   -1.2327142056976052e-02 
   -1.3062236084915184e-02 
   -1.3791852640244769e-02 
   -1.4515830982002592e-02 
   -1.5234012246742635e-02 
   -1.5946239481446436e-02 
   -1.6652357675860475e-02 
   -1.7352213794253456e-02 
   -1.8045656806587502e-02 
   -1.8732537719097483e-02 
   -1.9412709604272858e-02 
   -2.0086027630236605e-02 
   -2.0752349089515957e-02 
   -2.1411533427199876e-02 
   -2.2063442268478360e-02 
   -2.2707939445558836e-02 
   -2.3344891023955112e-02 
   -2.3974165328144510e-02 
   -2.4595632966588989e-02 
   -2.5209166856116232e-02 
   -2.5814642245656907e-02 
   -2.6411936739334393e-02 
   -2.7000930318903538e-02 
   -2.7581505365535157e-02 
   -2.8153546680943116e-02 
   -2.8716941507851115e-02 
   -2.9271579549796381e-02 
   -2.9817352990267703e-02 
   -3.0354156511175411e-02 
   -3.0881887310651064e-02 
   -3.1400445120174814e-02 
   -3.1909732221028567e-02 
   -3.2409653460073261e-02 
   -3.2900116264848712e-02 
   -3.3381030657994713e-02 
   -3.3852309270992205e-02 
   -3.4313867357223526e-02 
   -3.4765622804350881e-02 
   -3.5207496146012422e-02 
   -3.5639410572835456e-02 
   -3.6061291942766395e-02 
   -3.6473068790717378e-02 
   -3.6874672337529564e-02 
   -3.7266036498253254e-02 
   -3.7647097889745219e-02 
   -3.8017795837583766e-02 
   -3.8378072382302154e-02 
   -3.8727872284941296e-02 
   -3.9067143031922658e-02 
   -3.9395834839242548e-02 
   -3.9713900655989169e-02 
   -4.0021296167183786e-02 
   -4.0317979795947756e-02 
   -4.0603912704997157e-02 
   -4.0879058797466936e-02 
   -4.1143384717066668e-02 
   -4.1396859847570237e-02 
   -4.1639456311641697e-02 
   -4.1871148968999954e-02 
   -4.2091915413924916e-02 
   -4.2301735972107915e-02 
   -4.2500593696849415e-02 
   -4.2688474364607036e-02 
   -4.2865366469897248e-02 
   -4.3031261219554043e-02 
   -4.3186152526348151e-02 
   -4.3330037001970426e-02 
   -4.3462913949383244e-02 
   -4.3584785354543819e-02 
   -4.3695655877503466e-02 
   -4.3795532842887078e-02 
   -4.3884426229757044e-02 
   -4.3962348660866124e-02 
   -4.4029315391303822e-02 
   -4.4085344296540957e-02 
   -4.4130455859877217e-02 
   -4.4164673159296709e-02 
   -4.4188021853736485e-02 
   -4.4200530168773254e-02 
   -4.4202228881733571e-02 
   -4.4193151306232879e-02 
   -4.4173333276148995e-02 
   -4.4142813129035563e-02 
   -4.4101631688981298e-02 
   -4.4049832248920860e-02 
   -4.3987460552403254e-02 
   -4.3914564774823889e-02 
   -4.3831195504126411e-02 
   -4.3737405720980609e-02 
   -4.3633250778442732e-02 
   -4.3518788381104706e-02 
   -4.3394078563738794e-02 
   -4.3259183669444388e-02 
   -4.3114168327303658e-02 
   -4.2959099429552894e-02 
   -4.2794046108276529e-02 
   -4.2619079711630842e-02 
   -4.2434273779604410e-02 
   -4.2239704019322588e-02 
   -4.2035448279903249e-02 
   -4.1821586526871186e-02 
   -4.1598200816138568e-02 
   -4.1365375267559068e-02 
   -4.1123196038063171e-02 
   -4.0871751294382405e-02 
   -4.0611131185370242e-02 
   -4.0341427813927501e-02 
   -4.0062735208540118e-02 
   -3.9775149294437297e-02 
   -3.9478767864378039e-02 
   -3.9173690549074214e-02 
   -3.8860018787258227e-02 
   -3.8537855795403649e-02 
   -3.8207306537106973e-02 
   -3.7868477692138948e-02 
   -3.7521477625173771e-02 
   -3.7166416354204736e-02 
   -3.6803405518654728e-02 
   -3.6432558347190190e-02 
   -3.6053989625247161e-02 
   -3.5667815662278016e-02 
   -3.5274154258727645e-02 
   -3.4873124672747779e-02 
   -3.4464847586658277e-02 
   -3.4049445073164195e-02 
   -3.3627040561337480e-02 
   -3.3197758802372197e-02 
   -3.2761725835122213e-02 
   -3.2319068951430309e-02 
   -3.1869916661257713e-02 
   -3.1414398657623042e-02 
   -3.0952645781359703e-02 
   -3.0484789985700849e-02 
   -3.0010964300700927e-02 
   -2.9531302797502941e-02 
   -2.9045940552460556e-02 
   -2.8555013611124145e-02 
   -2.8058658952099965e-02 
   -2.7557014450791562e-02 
   -2.7050218843032606e-02 
   -2.6538411688620315e-02 
   -2.6021733334758608e-02 
   -2.5500324879420184e-02 
   -2.4974328134636677e-02 
   -2.4443885589726072e-02 
   -2.3909140374466491e-02 
   -2.3370236222225553e-02 
   -2.2827317433054408e-02 
   -2.2280528836755575e-02 
   -2.1730015755933696e-02 
   -2.1175923969038314e-02 
   -2.0618399673407697e-02 
   -2.0057589448322814e-02 
   -1.9493640218080453e-02 
   -1.8926699215094482e-02 
   -1.8356913943034226e-02 
   -1.7784432140008893e-02 
   -1.7209401741806966e-02 
   -1.6631970845199399e-02 
   -1.6052287671315477e-02 
   -1.5470500529100109e-02 
   -1.4886757778861302e-02 
   -1.4301207795916525e-02 
   -1.3713998934346607e-02 
   -1.3125279490865779e-02 
   -1.2535197668816406e-02 
   -1.1943901542296921e-02 
   -1.1351539020431378e-02 
   -1.0758257811789041e-02 
   -1.0164205388962304e-02 
   -9.5695289533112224e-03 
   -8.9743753998828384e-03 
   -8.3788912825134478e-03 
   -7.7832227791218523e-03 
   -7.1875156572015989e-03 
   -6.5919152395201202e-03 
   -5.9965663700326218e-03 
   -5.4016133800184798e-03 
   -4.8072000544478397e-03 
   -4.2134695985860220e-03 
   -3.6205646048432611e-03 
   -3.0286270198772169e-03 
   -2.4377981119556129e-03 
   -1.8482184385862708e-03 
   -1.2600278144217169e-03 
   -6.7336527944544388e-04 
   -8.8369067446824527e-05 
   4.9482342520842742e-04 
   1.0760756705054456e-03 
   1.6552520393983466e-03 
   2.2322178321127067e-03 
   2.8068393081258766e-03 
   3.3789837158187345e-03 
   3.9485193217925763e-03 
   4.5153154398449571e-03 
   5.0792424595983926e-03 
   5.6401718747759429e-03 
   6.1979763111178155e-03 
   6.7525295539332232e-03 
   7.3037065752818509e-03 
   7.8513835607794003e-03 
   8.3954379360217917e-03 
   8.9357483926227107e-03 
   9.4721949138593178e-03 
   1.0004658799921040e-02 
   1.0533022692756503e-02 
   1.1057170600513743e-02 
   1.1576987921569009e-02 
   1.2092361468139532e-02 
   1.2603179489475803e-02 
   1.3109331694628997e-02 
   1.3610709274789308e-02 
   1.4107204925191096e-02 
   1.4598712866580843e-02 
   1.5085128866244080e-02 
   1.5566350258587512e-02 
   1.6042275965272773e-02 
   1.6512806514898278e-02 
   1.6977844062225848e-02 
   1.7437292406948853e-02 
   1.7891057011998765e-02 
   1.8339045021387137e-02 
   1.8781165277580173e-02 
   1.9217328338403120e-02 
   1.9647446493471929e-02 
   2.0071433780149667e-02 
   2.0489205999025355e-02 
   2.0900680728913018e-02 
   2.1305777341368834e-02 
   2.1704417014724430e-02 
   2.2096522747634482e-02 
   2.2482019372136910e-02 
   2.2860833566224086e-02 
   2.3232893865923573e-02 
   2.3598130676887111e-02 
   2.3956476285486580e-02 
   2.4307864869415927e-02 
   2.4652232507798043e-02 
   2.4989517190795799e-02 
   2.5319658828726520e-02 
   2.5642599260679317e-02 
   2.5958282262634816e-02 
   2.6266653555086956e-02 
   2.6567660810166656e-02 
   2.6861253658267220e-02 
   2.7147383694171568e-02 
   2.7426004482681399e-02 
   2.7697071563748593e-02 
   2.7960542457109227e-02 
   2.8216376666420715e-02 
   2.8464535682902720e-02 
   2.8704982988482581e-02 
   2.8937684058446104e-02 
   2.9162606363594717e-02 
   2.9379719371910095e-02 
   2.9588994549727431e-02 
   2.9790405362418726e-02 
   2.9983927274587489e-02 
   3.0169537749776442e-02 
   3.0347216249689866e-02 
   3.0516944232932365e-02 
   3.0678705153265939e-02 
   3.0832484457387340e-02 
   3.0978269582227835e-02 
   3.1116049951777559e-02 
   3.1245816973436789e-02 
   3.1367564033896511e-02 
   3.1481286494550891e-02 
   3.1586981686444131e-02 
   3.1684648904754614e-02 
   3.1774289402818970e-02 
   3.1855906385699150e-02 
   3.1929505003295444e-02 
   3.1995092343008562e-02 
   3.2052677421954050e-02 
   3.2102271178732288e-02 
   3.2143886464757528e-02 
   3.2177538035149451e-02 
   3.2203242539190824e-02 
   3.2221018510354950e-02 
   3.2230886355906686e-02 
   3.2232868346080884e-02 
   3.2226988602842212e-02 
   3.2213273088230375e-02 
   3.2191749592294858e-02 
   3.2162447720623391e-02 
   3.2125398881468446e-02 
   3.2080636272476093e-02 
   3.2028194867021693e-02 
   3.1968111400156936e-02 
   3.1900424354172820e-02 
   3.1825173943783286e-02 
   3.1742402100934222e-02 
   3.1652152459242681e-02 
   3.1554470338071218e-02 
   3.1449402726242311e-02 
