   7.8539816339744828e-01 
   7.8531185913134383e-01 
   7.8505300617308671e-01 
   7.8462171660023083e-01 
   7.8401813224202688e-01 
   7.8324242468175254e-01 
   7.8229479526915136e-01 
   7.8117547514286167e-01 
   7.7988472526268793e-01 
   7.7842283645154120e-01 
   7.7679012944684578e-01 
   7.7498695496118220e-01 
   7.7301369375191076e-01 
   7.7087075669949123e-01 
   7.6855858489418827e-01 
   7.6607764973082615e-01 
   7.6342845301122997e-01 
   7.6061152705396451e-01 
   7.5762743481095696e-01 
   7.5447676999056446e-01 
   7.5116015718662321e-01 
   7.4767825201299143e-01 
   7.4403174124307503e-01 
   7.4022134295380215e-01 
   7.3624780667348932e-01 
   7.3211191353302130e-01 
   7.2781447641974462e-01 
   7.2335634013345418e-01 
   7.1873838154383374e-01 
   7.1396150974869044e-01 
   7.0902666623230670e-01 
   7.0393482502321458e-01 
   6.9868699285068225e-01 
   6.9328420929918599e-01 
   6.8772754696012750e-01 
   6.8201811158004322e-01 
   6.7615704220453876e-01 
   6.7014551131717315e-01 
   6.6398472497250560e-01 
   6.5767592292251098e-01 
   6.5122037873556216e-01 
   6.4461939990717243e-01 
   6.3787432796168697e-01 
   6.3098653854410947e-01 
   6.2395744150125032e-01 
   6.1678848095138195e-01 
   6.0948113534159010e-01 
   6.0203691749201438e-01 
   5.9445737462617620e-01 
   5.8674408838660030e-01 
   5.7889867483494684e-01 
   5.7092278443588018e-01 
   5.6281810202391580e-01 
   5.5458634675250085e-01 
   5.4622927202460170e-01 
   5.3774866540409105e-01 
   5.2914634850724707e-01 
   5.2042417687370246e-01 
   5.1158403981620437e-01 
   5.0262786024857409e-01 
   4.9355759449128456e-01 
   4.8437523205410443e-01 
   4.7508279539529052e-01 
   4.6568233965684525e-01 
   4.5617595237539166e-01 
   4.4656575316825842e-01 
   4.3685389339440567e-01 
   4.2704255578986527e-01 
   4.1713395407741227e-01 
   4.0713033255022912e-01 
   3.9703396562937032e-01 
   3.8684715739488301e-01 
   3.7657224109048754e-01 
   3.6621157860177223e-01 
   3.5576755990790726e-01 
   3.4524260250693439e-01 
   3.3463915081474171e-01 
   3.2395967553788563e-01 
   3.1320667302047628e-01 
   3.0238266456539564e-01 
   2.9149019573017249e-01 
   2.8053183559789130e-01 
   2.6951017602356786e-01 
   2.5842783085647530e-01 
   2.4728743513896032e-01 
   2.3609164428233917e-01 
   2.2484313322051641e-01 
   2.1354459554201932e-01 
   2.0219874260119047e-01 
   1.9080830260932935e-01 
   1.7937601970662065e-01 
   1.6790465301573199e-01 
   1.5639697567800717e-01 
   1.4485577387322277e-01 
   1.3328384582391484e-01 
   1.2168400078532027e-01 
   1.1005905802201178e-01 
   9.8411845772338191e-02 
   8.6745200201811187e-02 
   7.5061964346607418e-02 
   6.3364987048378549e-02 
   5.1657121881584007e-02 
   3.9941226074579186e-02 
   2.8220159425707790e-02 
   1.6496783215659325e-02 
   4.7739591173620744e-03 
   -6.9454518953118282e-03 
   -1.8658590638749660e-02 
   -3.0362600809430224e-02 
   -4.2054630071108795e-02 
   -5.3731831138085245e-02 
   -6.5391362853295526e-02 
   -7.7030391259979361e-02 
   -8.8646090665692831e-02 
   -1.0023564469745347e-01 
   -1.1179624734682723e-01 
   -1.2332510400379124e-01 
   -1.3481943247823372e-01 
   -1.4627646400798267e-01 
   -1.5769344425228704e-01 
   -1.6906763426970980e-01 
   -1.8039631147942919e-01 
   -1.9167677060498398e-01 
   -2.0290632459954056e-01 
   -2.1408230555180263e-01 
   -2.2520206557172973e-01 
   -2.3626297765527746e-01 
   -2.4726243652742075e-01 
   -2.5819785946277063e-01 
   -2.6906668708314557e-01 
   -2.7986638413151049e-01 
   -2.9059444022174802e-01 
   -3.0124837056378001e-01 
   -3.1182571666361031e-01 
   -3.2232404699791406e-01 
   -3.3274095766285122e-01 
   -3.4307407299683734e-01 
   -3.5332104617705634e-01 
   -3.6347955978955493e-01 
   -3.7354732637280952e-01 
   -3.8352208893470918e-01 
   -3.9340162144294949e-01 
   -4.0318372928888224e-01 
   -4.1286624972491520e-01 
   -4.2244705227560492e-01 
   -4.3192403912263172e-01 
   -4.4129514546389209e-01 
   -4.5055833984698807e-01 
   -4.5971162447743552e-01 
   -4.6875303550195396e-01 
   -4.7768064326724080e-01 
   -4.8649255255466983e-01 
   -4.9518690279138994e-01 
   -5.0376186823833358e-01 
   -5.1221565815567727e-01 
   -5.2054651694632592e-01 
   -5.2875272427802211e-01 
   -5.3683259518470539e-01 
   -5.4478448014777425e-01 
   -5.5260676515792284e-01 
   -5.6029787175824597e-01 
   -5.6785625706932485e-01 
   -5.7528041379702088e-01 
   -5.8256887022372073e-01 
   -5.8972019018378774e-01 
   -5.9673297302398420e-01 
   -6.0360585354964047e-01 
   -6.1033750195735059e-01 
   -6.1692662375498153e-01 
   -6.2337195966978498e-01 
   -6.2967228554540311e-01 
   -6.3582641222855896e-01 
   -6.4183318544622103e-01 
   -6.4769148567402812e-01 
   -6.5340022799675512e-01 
   -6.5895836196159530e-01 
   -6.6436487142502609e-01 
   -6.6961877439401740e-01 
   -6.7471912286232938e-01 
   -6.7966500264263718e-01 
   -6.8445553319520680e-01 
   -6.8908986745383105e-01 
   -6.9356719164972247e-01 
   -6.9788672513404137e-01 
   -7.0204772019972217e-01 
   -7.0604946190324347e-01 
   -7.0989126788696799e-01 
   -7.1357248820265884e-01 
   -7.1709250513676048e-01 
   -7.2045073303801022e-01 
   -7.2364661814792497e-01 
   -7.2667963843468675e-01 
   -7.2954930343092739e-01 
   -7.3225515407588981e-01 
   -7.3479676256241977e-01 
   -7.3717373218921911e-01 
   -7.3938569721876513e-01 
   -7.4143232274127802e-01 
   -7.4331330454509226e-01 
   -7.4502836899376368e-01 
   -7.4657727291021669e-01 
   -7.4795980346821211e-01 
   -7.4917577809138924e-01 
   -7.5022504436011073e-01 
   -7.5110747992631066e-01 
   -7.5182299243652251e-01 
   -7.5237151946323488e-01 
   -7.5275302844469816e-01 
   -7.5296751663327799e-01 
   -7.5301501105242519e-01 
   -7.5289556846230477e-01 
   -7.5260927533410060e-01 
   -7.5215624783298651e-01 
   -7.5153663180972685e-01 
   -7.5075060280084382e-01 
   -7.4979836603726380e-01 
   -7.4868015646132691e-01 
   -7.4739623875201966e-01 
   -7.4594690735826408e-01 
   -7.4433248654007167e-01 
   -7.4255333041734484e-01 
   -7.4060982302608291e-01 
   -7.3850237838172683e-01 
   -7.3623144054934930e-01 
   -7.3379748372037601e-01 
   -7.3120101229549694e-01 
   -7.2844256097340476e-01 
   -7.2552269484497434e-01 
   -7.2244200949247339e-01 
   -7.1920113109337358e-01 
   -7.1580071652830823e-01 
   -7.1224145349270296e-01 
   -7.0852406061158291e-01 
   -7.0464928755704304e-01 
   -7.0061791516784522e-01 
   -6.9643075557058931e-01 
   -6.9208865230188676e-01 
   -6.8759248043094789e-01 
   -6.8294314668197675e-01 
   -6.7814158955575288e-01 
   -6.7318877944976441e-01 
   -6.6808571877624157e-01 
   -6.6283344207742856e-01 
   -6.5743301613741933e-01 
   -6.5188554008987032e-01 
   -6.4619214552089688e-01 
   -6.4035399656644731e-01 
   -6.3437229000344575e-01 
   -6.2824825533398410e-01 
   -6.2198315486184252e-01 
   -6.1557828376061263e-01 
   -6.0903497013269481e-01 
   -6.0235457505844259e-01 
   -5.9553849263472569e-01 
   -5.8858815000218678e-01 
   -5.8150500736047084e-01 
   -5.7429055797071138e-01 
   -5.6694632814456414e-01 
   -5.5947387721908970e-01 
   -5.5187479751679358e-01 
   -5.4415071429014850e-01 
   -5.3630328564993313e-01 
   -5.2833420247674079e-01 
   -5.2024518831502664e-01 
   -5.1203799924908200e-01 
   -5.0371442376034448e-01 
   -4.9527628256547607e-01 
   -4.8672542843466438e-01 
   -4.7806374598962970e-01 
   -4.6929315148084688e-01 
   -4.6041559254352138e-01 
   -4.5143304793188871e-01 
   -4.4234752723144094e-01 
   -4.3316107054871561e-01 
   -4.2387574817832063e-01 
   -4.1449366024690354e-01 
   -4.0501693633381380e-01 
   -3.9544773506824543e-01 
   -3.8578824370268860e-01 
   -3.7604067766256161e-01 
   -3.6620728007193637e-01 
   -3.5629032125531679e-01 
   -3.4629209821547241e-01 
   -3.3621493408737690e-01 
   -3.2606117756834674e-01 
   -3.1583320232452283e-01 
   -3.0553340637388432e-01 
   -2.9516421144603261e-01 
   -2.8472806231903064e-01 
   -2.7422742613363021e-01 
   -2.6366479168526835e-01 
   -2.5304266869426040e-01 
   -2.4236358705466540e-01 
   -2.3163009606234450e-01 
   -2.2084476362278030e-01 
   -2.1001017543926889e-01 
   -1.9912893418214089e-01 
   -1.8820365863971025e-01 
   -1.7723698285169145e-01 
   -1.6623155522586591e-01 
   -1.5519003763881684e-01 
   -1.4411510452158907e-01 
   -1.3300944193116571e-01 
   -1.2187574660868632e-01 
   -1.1071672502536355e-01 
   -9.9535092417083415e-02 
   -8.8333571808702258e-02 
   -7.7114893029077591e-02 
   -6.5881791717892629e-02 
   -5.4637008325353974e-02 
   -4.3383287105859362e-02 
   -3.2123375106746843e-02 
   -2.0860021153248975e-02 
   -9.5959748307847918e-03 
   1.6660145342711052e-03 
   1.2923198894199146e-02 
   2.4172832498780931e-02 
   3.5412172912238464e-02 
   4.6638482027128572e-02 
   5.7849027074061872e-02 
   6.9041081626125697e-02 
   8.0211926596903044e-02 
   9.1358851230994895e-02 
   1.0247915408597141e-01 
   1.1357014400469762e-01 
   1.2462914107700240e-01 
   1.3565347758968482e-01 
   1.4664049896387921e-01 
   1.5758756467883023e-01 
   1.6849204918116129e-01 
   1.7935134277875278e-01 
   1.9016285251838300e-01 
   2.0092400304632124e-01 
   2.1163223745110221e-01 
   2.2228501808775064e-01 
   2.3287982738276750e-01 
   2.4341416861923135e-01 
   2.5388556670141321e-01 
   2.6429156889834743e-01 
   2.7462974556584774e-01 
   2.8489769084650285e-01 
   2.9509302334723403e-01 
   3.0521338679404331e-01 
   3.1525645066362862e-01 
   3.2521991079159035e-01 
   3.3510148995699995e-01 
   3.4489893844314951e-01 
   3.5461003457434775e-01 
   3.6423258522867391e-01 
   3.7376442632664769e-01 
   3.8320342329581808e-01 
   3.9254747151131808e-01 
   4.0179449671247658e-01 
   4.1094245539562035e-01 
   4.1998933518324105e-01 
   4.2893315516974184e-01 
   4.3777196624401810e-01 
   4.4650385138916288e-01 
   4.5512692595962528e-01 
   4.6363933793618417e-01 
   4.7203926815913261e-01 
   4.8032493054010011e-01 
   4.8849457225297060e-01 
   4.9654647390438056e-01 
   5.0447894968431084e-01 
   5.1229034749730840e-01 
   5.1997904907489889e-01 
   5.2754347006977187e-01 
   5.3498206013234029e-01 
   5.4229330297029388e-01 
   5.4947571639178250e-01 
   5.5652785233287971e-01 
   5.6344829686998943e-01 
   5.7023567021787080e-01 
   5.7688862671396390e-01 
   5.8340585478970830e-01 
   5.8978607692955165e-01 
   5.9602804961835032e-01 
   6.0213056327786663e-01 
   6.0809244219306968e-01 
   6.1391254442894505e-01 
   6.1958976173851832e-01 
   6.2512301946279425e-01 
   6.3051127642330884e-01 
   6.3575352480798530e-01 
   6.4084879005098017e-01 
   6.4579613070719477e-01 
   6.5059463832212050e-01 
   6.5524343729767420e-01 
   6.5974168475466988e-01 
   6.6408857039255931e-01 
   6.6828331634706151e-01 
   6.7232517704628547e-01 
   6.7621343906593756e-01 
   6.7994742098418592e-01 
   6.8352647323673965e-01 
   6.8694997797268220e-01 
   6.9021734891157982e-01 
   6.9332803120236697e-01 
   6.9628150128449151e-01 
   6.9907726675178261e-01 
   7.0171486621948209e-01 
   7.0419386919486116e-01 
   7.0651387595182036e-01 
   7.0867451740985155e-01 
   7.1067545501771479e-01 
   7.1251638064216416e-01 
   7.1419701646203027e-01 
   7.1571711486794631e-01 
   7.1707645836797917e-01 
   7.1827485949940517e-01 
   7.1931216074684434e-01 
   7.2018823446694469e-01 
   7.2090298281978216e-01 
   7.2145633770711926e-01 
   7.2184826071763941e-01 
   7.2207874307925102e-01 
   7.2214780561852931e-01 
   7.2205549872734165e-01 
   7.2180190233667441e-01 
   7.2138712589765874e-01 
   7.2081130836976481e-01 
   7.2007461821611229e-01 
   7.1917725340581906e-01 
   7.1811944142328688e-01 
   7.1690143928429861e-01 
   7.1552353355877751e-01 
   7.1398604040003666e-01 
   7.1228930558032078e-01 
   7.1043370453242327e-01 
   7.0841964239713451e-01 
   7.0624755407625794e-01 
   7.0391790429090673e-01 
   7.0143118764477208e-01 
   6.9878792869203266e-01 
   6.9598868200955455e-01 
   6.9303403227300842e-01 
   6.8992459433651243e-01 
   6.8666101331538798e-01 
   6.8324396467159754e-01 
   6.7967415430141354e-01 
   6.7595231862485139e-01 
   6.7207922467637959e-01 
   6.6805567019640533e-01 
   6.6388248372301650e-01 
   6.5956052468344673e-01 
   6.5509068348471344e-01 
   6.5047388160286812e-01 
   6.4571107167028252e-01 
   6.4080323756038293e-01 
   6.3575139446923490e-01 
   6.3055658899336897e-01 
   6.2521989920322940e-01 
   6.1974243471162005e-01 
   6.1412533673651448e-01 
   6.0836977815759086e-01 
   6.0247696356584801e-01 
   5.9644812930565616e-01 
   5.9028454350859150e-01 
   5.8398750611840533e-01 
   5.7755834890647750e-01 
   5.7099843547710472e-01 
   5.6430916126197950e-01 
   5.5749195350321790e-01 
   5.5054827122430239e-01 
   5.4347960518831018e-01 
   5.3628747784281039e-01 
   5.2897344325082030e-01 
   5.2153908700722462e-01 
   5.1398602614007471e-01 
   5.0631590899619972e-01 
   4.9853041511057761e-01 
   4.9063125505893324e-01 
   4.8262017029304877e-01 
   4.7449893295829404e-01 
   4.6626934569290640e-01 
   4.5793324140857428e-01 
   4.4949248305190348e-01 
   4.4094896334637368e-01 
   4.3230460451441916e-01 
   4.2356135797929967e-01 
   4.1472120404645724e-01 
   4.0578615156408732e-01 
   3.9675823756268697e-01 
   3.8763952687337727e-01 
   3.7843211172483288e-01 
   3.6913811131868912e-01 
   3.5975967138333492e-01 
   3.5029896370603797e-01 
   3.4075818564338944e-01 
   3.3113955961009472e-01 
   3.2144533254617763e-01 
   3.1167777536270813e-01 
   3.0183918236620377e-01 
   2.9193187066189813e-01 
   2.8195817953611169e-01 
   2.7192046981800233e-01 
   2.6182112322101597e-01 
   2.5166254166439839e-01 
   2.4144714657517266e-01 
   2.3117737817102693e-01 
   2.2085569472459832e-01 
   2.1048457180967928e-01 
   2.0006650152991157e-01 
   1.8960399173057169e-01 
   1.7909956519408943e-01 
   1.6855575881997664e-01 
   1.5797512278987932e-01 
   1.4736021971849894e-01 
   1.3671362379116178e-01 
   1.2603791988884511e-01 
   1.1533570270149821e-01 
   1.0460957583052333e-01 
   9.3862150881306741e-02 
   8.3096046546713501e-02 
   7.2313887682480482e-02 
   6.1518304375461658e-02 
   5.0711931005696244e-02 
   3.9897405303285088e-02 
   2.9077367401073140e-02 
   1.8254458884145668e-02 
   7.4313218371538179e-03 
   -3.3894021095098210e-03 
   -1.4205072733662045e-02 
   -2.5013052174382197e-02 
   -3.5810705883145617e-02 
   -4.6595403572019793e-02 
   -5.7364520157912297e-02 
   -6.8115436701868967e-02 
   -7.8845541342432102e-02 
   -8.9552230222082474e-02 
   -1.0023290840580493e-01 
   -1.1088499079083566e-01 
   -1.2150590300666962e-01 
   -1.3209308230442912e-01 
   -1.4264397843471902e-01 
   -1.5315605451312031e-01 
   -1.6362678787250212e-01 
   -1.7405367090136198e-01 
   -1.8443421186743580e-01 
   -1.9476593572585191e-01 
   -2.0504638491113794e-01 
   -2.1527312011242528e-01 
   -2.2544372103123228e-01 
   -2.3555578712124575e-01 
   -2.4560693830955885e-01 
   -2.5559481569886328e-01 
   -2.6551708225013410e-01 
   -2.7537142344538640e-01 
   -2.8515554793012443e-01 
   -2.9486718813514534e-01 
   -3.0450410087740204e-01 
   -3.1406406793967118e-01 
   -3.2354489662881430e-01 
   -3.3294442031246291e-01 
   -3.4226049893399774e-01 
   -3.5149101950573614e-01 
   -3.6063389658028044e-01 
   -3.6968707270002088e-01 
   -3.7864851882482609e-01 
   -3.8751623473799313e-01 
   -3.9628824943056634e-01 
   -4.0496262146417167e-01 
   -4.1353743931254844e-01 
   -4.2201082168199627e-01 
   -4.3038091781098753e-01 
   -4.3864590774922851e-01 
   -4.4680400261648401e-01 
   -4.5485344484150925e-01 
   -4.6279250838146191e-01 
   -4.7061949892219412e-01 
   -4.7833275405984949e-01 
   -4.8593064346421488e-01 
   -4.9341156902429906e-01 
   -5.0077396497663118e-01 
   -5.0801629801679260e-01 
   -5.1513706739471188e-01 
   -5.2213480499427178e-01 
   -5.2900807539778927e-01 
   -5.3575547593594552e-01 
   -5.4237563672375266e-01 
   -5.4886722068315630e-01 
   -5.5522892355288012e-01 
   -5.6145947388612705e-01 
   -5.6755763303675821e-01 
   -5.7352219513457270e-01 
   -5.7935198705031810e-01 
   -5.8504586835105965e-01 
   -5.9060273124653950e-01 
   -5.9602150052715386e-01 
   -6.0130113349417535e-01 
   -6.0644061988284437e-01 
   -6.1143898177894729e-01 
   -6.1629527352949476e-01 
   -6.2100858164810624e-01 
   -6.2557802471569779e-01 
   -6.3000275327706357e-01 
   -6.3428194973392749e-01 
   -6.3841482823503526e-01 
   -6.4240063456384078e-01 
   -6.4623864602433112e-01 
   -6.4992817132551917e-01 
   -6.5346855046511876e-01 
   -6.5685915461290301e-01 
   -6.6009938599422979e-01 
   -6.6318867777420154e-01 
   -6.6612649394291090e-01 
   -6.6891232920220445e-01 
   -6.7154570885437992e-01 
   -6.7402618869321207e-01 
   -6.7635335489768500e-01 
   -6.7852682392878783e-01 
   -6.8054624242971040e-01 
   -6.8241128712975641e-01 
   -6.8412166475227010e-01 
   -6.8567711192685132e-01 
   -6.8707739510611265e-01 
   -6.8832231048721115e-01 
   -6.8941168393836483e-01 
   -6.9034537093054293e-01 
   -6.9112325647449568e-01 
   -6.9174525506326823e-01 
   -6.9221131062032071e-01 
   -6.9252139645335353e-01 
   -6.9267551521391491e-01 
   -6.9267369886284536e-01 
   -6.9251600864159046e-01 
   -6.9220253504939244e-01 
   -6.9173339782634602e-01 
   -6.9110874594228444e-01 
   -6.9032875759143697e-01 
   -6.8939364019277838e-01 
   -6.8830363039596831e-01 
   -6.8705899409275650e-01 
   -6.8566002643370760e-01 
   -6.8410705185007947e-01 
   -6.8240042408066537e-01 
   -6.8054052620339067e-01 
   -6.7852777067143399e-01 
   -6.7636259935362142e-01 
   -6.7404548357882277e-01 
   -6.7157692418405945e-01 
   -6.6895745156601305e-01 
   -6.6618762573560597e-01 
   -6.6326803637530563e-01 
   -6.6019930289878648e-01 
   -6.5698207451256652e-01 
   -6.5361703027921769e-01 
   -6.5010487918173221e-01 
   -6.4644636018861268e-01 
   -6.4264224231923750e-01 
   -6.3869332470903784e-01 
   -6.3460043667400989e-01 
   -6.3036443777407236e-01 
   -6.2598621787476572e-01 
   -6.2146669720677983e-01 
   -6.1680682642278450e-01 
   -6.1200758665102728e-01 
   -6.0706998954515534e-01 
   -6.0199507732970858e-01 
   -5.9678392284072401e-01 
   -5.9143762956088708e-01 
   -5.8595733164865782e-01 
   -5.8034419396079762e-01 
   -5.7459941206771947e-01 
   -5.6872421226108061e-01 
   -5.6271985155303883e-01 
   -5.5658761766659248e-01 
   -5.5032882901642510e-01 
   -5.4394483467968191e-01 
   -5.3743701435610536e-01 
   -5.3080677831696699e-01 
   -5.2405556734223546e-01 
   -5.1718485264543235e-01 
   -5.1019613578563472e-01 
   -5.0309094856609560e-01 
   -4.9587085291896482e-01 
   -4.8853744077560718e-01 
   -4.8109233392202932e-01 
   -4.7353718383894372e-01 
   -4.6587367152601511e-01 
   -4.5810350730985450e-01 
   -4.5022843063534612e-01 
   -4.4225020983991437e-01 
   -4.3417064191036076e-01 
   -4.2599155222192575e-01 
   -4.1771479425925512e-01 
   -4.0934224931897778e-01 
   -4.0087582619363010e-01 
   -3.9231746083669033e-01 
   -3.8366911600851672e-01 
   -3.7493278090301529e-01 
   -3.6611047075489334e-01 
   -3.5720422642738947e-01 
   -3.4821611398040392e-01 
   -3.3914822421898744e-01 
   -3.3000267222218260e-01 
   -3.2078159685224678e-01 
   -3.1148716024432266e-01 
   -3.0212154727665913e-01 
   -2.9268696502152125e-01 
   -2.8318564217696746e-01 
   -2.7361982847970701e-01 
   -2.6399179409929047e-01 
   -2.5430382901392218e-01 
   -2.4455824236822082e-01 
   -2.3475736181329226e-01 
   -2.2490353282951425e-01 
   -2.1499911803246949e-01 
   -2.0504649646249887e-01 
   -1.9504806285838150e-01 
   -1.8500622691568230e-01 
   -1.7492341253034124e-01 
   -1.6480205702811004e-01 
   -1.5464461038047386e-01 
   -1.4445353440772471e-01 
   -1.3423130196988250e-01 
   -1.2398039614618628e-01 
   -1.1370330940390434e-01 
   -1.0340254275723593e-01 
   -9.3080604917099602e-02 
   -8.2740011432624466e-02 
   -7.2383283825179098e-02 
   -6.2012948715790647e-02 
   -5.1631536946821495e-02 
   -4.1241582698784342e-02 
   -3.0845622603187982e-02 
   -2.0446194852315233e-02 
   -1.0045838306841748e-02 
   3.5290839779035348e-04 
   1.0747507745327145e-02 
   2.1135424232067997e-02 
   3.1514125258724435e-02 
   4.1881082019859441e-02 
   5.2233770389999296e-02 
   6.2569671805517493e-02 
   7.2886274141399893e-02 
   8.3181072582011836e-02 
   9.3451570485001537e-02 
   1.0369528023748953e-01 
   1.1390972410371138e-01 
   1.2409243506330010e-01 
   1.3424095763941568e-01 
   1.4435284871595175e-01 
   1.5442567834307394e-01 
   1.6445703053036989e-01 
   1.7444450402691861e-01 
   1.8438571308761520e-01 
   1.9427828822511709e-01 
   2.0411987694680872e-01 
   2.1390814447621420e-01 
   2.2364077445832012e-01 
   2.3331546964830513e-01 
   2.4292995258320740e-01 
   2.5248196623609653e-01 
   2.6196927465235270e-01 
   2.7138966356769179e-01 
   2.8074094100761277e-01 
   2.9002093786797983e-01 
   2.9922750847648927e-01 
   3.0835853113480877e-01 
   3.1741190864121266e-01 
   3.2638556879357528e-01 
   3.3527746487261961e-01 
   3.4408557610535601e-01 
   3.5280790810868090e-01 
   3.6144249331314121e-01 
   3.6998739136690445e-01 
   3.7844068952000931e-01 
   3.8680050298900365e-01 
   3.9506497530211049e-01 
   4.0323227862509309e-01 
   4.1130061406802154e-01 
   4.1926821197317216e-01 
   4.2713333218432004e-01 
   4.3489426429771172e-01 
   4.4254932789503193e-01 
   4.5009687275870242e-01 
   4.5753527906987512e-01 
   4.6486295758950436e-01 
   4.7207834982290325e-01 
   4.7917992816821015e-01 
   4.8616619604920869e-01 
   4.9303568803296244e-01 
   4.9978696993274069e-01 
   5.0641863889672645e-01 
   5.1292932348301090e-01 
   5.1931768372138931e-01 
   5.2558241116248516e-01 
   5.3172222891473653e-01 
   5.3773589166978786e-01 
   5.4362218571683552e-01 
   5.4937992894648069e-01 
   5.5500797084464770e-01 
   5.6050519247712705e-01 
   5.6587050646530457e-01 
   5.7110285695363794e-01 
   5.7620121956944081e-01 
   5.8116460137553116e-01 
   5.8599204081630019e-01 
   5.9068260765774971e-01 
   5.9523540292204391e-01 
   5.9964955881711257e-01 
   6.0392423866183620e-01 
   6.0805863680733574e-01 
   6.1205197855487870e-01 
   6.1590352007090499e-01 
   6.1961254829966328e-01 
   6.2317838087393862e-01 
   6.2660036602433744e-01 
   6.2987788248758503e-01 
   6.3301033941427487e-01 
   6.3599717627649577e-01 
   6.3883786277574706e-01 
   6.4153189875153671e-01 
   6.4407881409104084e-01 
   6.4647816864018615e-01 
   6.4872955211650007e-01 
   6.5083258402405519e-01 
   6.5278691357081731e-01 
   6.5459221958868696e-01 
   6.5624821045650672e-01 
   6.5775462402628604e-01 
   6.5911122755287832e-01 
   6.6031781762732233e-01 
   6.6137422011404301e-01 
   6.6228029009208544e-01 
   6.6303591180053545e-01 
   6.6364099858826053e-01 
   6.6409549286808389e-01 
   6.6439936607548489e-01 
   6.6455261863189652e-01 
   6.6455527991265306e-01 
   6.6440740821961730e-01 
   6.6410909075849744e-01 
   6.6366044362084475e-01 
   6.6306161177069911e-01 
   6.6231276903583203e-01 
   6.6141411810351547e-01 
   6.6036589052072392e-01 
   6.5916834669865842e-01 
   6.5782177592145963e-01 
   6.5632649635895934e-01 
   6.5468285508329871e-01 
   6.5289122808922295e-01 
   6.5095202031784349e-01 
   6.4886566568363968e-01 
   6.4663262710445302e-01 
   6.4425339653421110e-01 
   6.4172849499809836e-01 
   6.3905847262987470e-01 
   6.3624390871102665e-01 
   6.3328541171141894e-01 
   6.3018361933109790e-01 
   6.2693919854288427e-01 
   6.2355284563537672e-01 
   6.2002528625597453e-01 
   6.1635727545351304e-01 
   6.1254959772009343e-01 
   6.0860306703167588e-01 
   6.0451852688699270e-01 
   6.0029685034432945e-01 
   5.9593894005570835e-01 
   5.9144572829800279e-01 
   5.8681817700050054e-01 
   5.8205727776842631e-01 
   5.7716405190192832e-01 
   5.7213955041002684e-01 
   5.6698485401901721e-01 
   5.6170107317481777e-01 
   5.5628934803874763e-01 
   5.5075084847621980e-01 
   5.4508677403783201e-01 
   5.3929835393233894e-01 
   5.3338684699099137e-01 
   5.2735354162272807e-01 
   5.2119975575971222e-01 
   5.1492683679270657e-01 
   5.0853616149578929e-01 
   5.0202913593991816e-01 
   4.9540719539485933e-01 
   4.8867180421900630e-01 
   4.8182445573662591e-01 
   4.7486667210207878e-01 
   4.6780000415057610e-01 
   4.6062603123504736e-01 
   4.5334636104871101e-01 
   4.4596262943295467e-01 
   4.3847650017015094e-01 
   4.3088966476105317e-01 
   4.2320384218643564e-01 
   4.1542077865266436e-01 
   4.0754224732090671e-01 
   3.9957004801971208e-01 
   3.9150600694071924e-01 
   3.8335197631727308e-01 
   3.7510983408575821e-01 
   3.6678148352948581e-01 
   3.5836885290499731e-01 
   3.4987389505067767e-01 
   3.4129858697760090e-01 
   3.3264492944256135e-01 
   3.2391494650327435e-01 
   3.1511068505576206e-01 
   3.0623421435397263e-01 
   2.9728762551171217e-01 
   2.8827303098700346e-01 
   2.7919256404901660e-01 
   2.7004837822775130e-01 
   2.6084264674668289e-01 
   2.5157756193861802e-01 
   2.4225533464503862e-01 
   2.3287819359924572e-01 
   2.2344838479364762e-01 
   2.1396817083156894e-01 
   2.0443983026398888e-01 
   1.9486565691164814e-01 
   1.8524795917299491e-01 
   1.7558905931846960e-01 
   1.6589129277165743e-01 
   1.5615700737786603e-01 
   1.4638856266071182e-01 
   1.3658832906732554e-01 
   1.2675868720281161e-01 
   1.1690202705461993e-01 
   1.0702074720751066e-01 
   9.7117254049813556e-02 
   8.7193960971702622e-02 
   7.7253287556225153e-02 
   6.7297658763839807e-02 
   5.7329504111233678e-02 
   4.7351256845200911e-02 
   3.7365353112376723e-02 
   2.7374231125630307e-02 
   1.7380330327927594e-02 
   7.3860905544808862e-03 
   -2.6060488059936535e-03 
   -1.2593649650087475e-02 
   -2.2574275997756535e-02 
   -3.2545494828801577e-02 
   -4.2504876916953156e-02 
   -5.2449997660747941e-02 
   -6.2378437910389870e-02 
   -7.2287784789798512e-02 
   -8.2175632513057636e-02 
   -9.2039583194489266e-02 
   -1.0187724765159246e-01 
   -1.1168624620010191e-01 
   -1.2146420944043827e-01 
   -1.3120877903484146e-01 
   -1.4091760847449800e-01 
   -1.5058836383599522e-01 
   -1.6021872452645836e-01 
   -1.6980638401675047e-01 
   -1.7934905056214095e-01 
   -1.8884444790987462e-01 
   -1.9829031599310112e-01 
   -2.0768441161065301e-01 
   -2.1702450909218993e-01 
   -2.2630840094825680e-01 
   -2.3553389850483439e-01 
   -2.4469883252199243e-01 
   -2.5380105379628687e-01 
   -2.6283843374657551e-01 
   -2.7180886498295859e-01 
   -2.8071026185858400e-01 
   -2.8954056100408931e-01 
   -2.9829772184448600e-01 
   -3.0697972709832433e-01 
   -3.1558458325900973e-01 
   -3.2411032105817439e-01 
   -3.3255499591103993e-01 
   -3.4091668834373867e-01 
   -3.4919350440259289e-01 
   -3.5738357604538207e-01 
   -3.6548506151465793e-01 
   -3.7349614569319811e-01 
   -3.8141504044171631e-01 
   -3.8923998491897654e-01 
   -3.9696924588448518e-01 
   -4.0460111798396176e-01 
   -4.1213392401781440e-01 
   -4.1956601519286985e-01 
   -4.2689577135763268e-01 
   -4.3412160122136956e-01 
   -4.4124194255733573e-01 
   -4.4825526239048213e-01 
   -4.5516005716999891e-01 
   -4.6195485292707050e-01 
   -4.6863820541823320e-01 
   -4.7520870025474171e-01 
   -4.8166495301836598e-01 
   -4.8800560936405168e-01 
   -4.9422934510989108e-01 
   -5.0033486631485968e-01 
   -5.0632090934478569e-01 
   -5.1218624092702558e-01 
   -5.1792965819432768e-01 
   -5.2354998871837055e-01 
   -5.2904609053346796e-01 
   -5.3441685215093604e-01 
   -5.3966119256462075e-01 
   -5.4477806124808448e-01 
   -5.4976643814395121e-01 
   -5.5462533364590960e-01 
   -5.5935378857387030e-01 
   -5.6395087414277145e-01 
   -5.6841569192552333e-01 
   -5.7274737381057661e-01 
   -5.7694508195459526e-01 
   -5.8100800873070624e-01 
   -5.8493537667279238e-01 
   -5.8872643841628614e-01 
   -5.9238047663591209e-01 
   -5.9589680398081835e-01 
   -5.9927476300752325e-01 
   -6.0251372611109633e-01 
   -6.0561309545497721e-01 
   -6.0857230289982567e-01 
   -6.1139080993178296e-01 
   -6.1406810759050956e-01 
   -6.1660371639735123e-01 
   -6.1899718628397082e-01 
   -6.2124809652176749e-01 
   -6.2335605565238927e-01 
   -6.2532070141962970e-01 
   -6.2714170070298259e-01 
   -6.2881874945311145e-01 
   -6.3035157262947406e-01 
   -6.3173992414032509e-01 
   -6.3298358678530153e-01 
   -6.3408237220077868e-01 
   -6.3503612080816552e-01 
   -6.3584470176529073e-01 
   -6.3650801292101200e-01 
   -6.3702598077316264e-01 
   -6.3739856042993082e-01 
   -6.3762573557474822e-01 
   -6.3770751843474660e-01 
   -6.3764394975282024e-01 
   -6.3743509876331583e-01 
   -6.3708106317135060e-01 
   -6.3658196913574161e-01 
   -6.3593797125551066e-01 
   -6.3514925255990962e-01 
   -6.3421602450189329e-01 
   -6.3313852695494888e-01 
   -6.3191702821317219e-01 
   -6.3055182499446205e-01 
   -6.2904324244668897e-01 
   -6.2739163415667332e-01 
   -6.2559738216179406e-01 
   -6.2366089696402927e-01 
   -6.2158261754621458e-01 
   -6.1936301139028915e-01 
   -6.1700257449728135e-01 
   -6.1450183140877279e-01 
   -6.1186133522956176e-01 
   -6.0908166765123362e-01 
   -6.0616343897633074e-01 
   -6.0310728814280168e-01 
   -5.9991388274839319e-01 
   -5.9658391907463926e-01 
   -5.9311812211008630e-01 
   -5.8951724557238294e-01 
   -5.8578207192885157e-01 
   -5.8191341241514849e-01 
   -5.7791210705160945e-01 
   -5.7377902465686792e-01 
   -5.6951506285832587e-01 
   -5.6512114809904812e-01 
   -5.6059823564064570e-01 
   -5.5594730956170624e-01 
   -5.5116938275132488e-01 
   -5.4626549689728543e-01 
   -5.4123672246843635e-01 
   -5.3608415869080517e-01 
   -5.3080893351699221e-01 
   -5.2541220358838459e-01 
   -5.1989515418973065e-01 
   -5.1425899919561779e-01 
   -5.0850498100839658e-01 
   -5.0263437048710047e-01 
   -4.9664846686691116e-01 
   -4.9054859766872810e-01 
   -4.8433611859840531e-01 
   -4.7801241343522616e-01 
   -4.7157889390919688e-01 
   -4.6503699956674677e-01 
   -4.5838819762443617e-01 
   -4.5163398281028372e-01 
   -4.4477587719233719e-01 
   -4.3781542999412737e-01 
   -4.3075421739665798e-01 
   -4.2359384232660169e-01 
   -4.1633593423038917e-01 
   -4.0898214883389572e-01 
   -4.0153416788745028e-01 
   -3.9399369889590991e-01 
   -3.8636247483356595e-01 
   -3.7864225384366812e-01 
   -3.7083481892237685e-01 
   -3.6294197758697710e-01 
   -3.5496556152821152e-01 
   -3.4690742624661602e-01 
   -3.3876945067276670e-01 
   -3.3055353677137334e-01 
   -3.2226160912918184e-01 
   -3.1389561452667614e-01 
   -3.0545752149359701e-01 
   -2.9694931984832490e-01 
   -2.8837302022120226e-01 
   -2.7973065356189980e-01 
   -2.7102427063096041e-01 
   -2.6225594147568471e-01 
   -2.5342775489055025e-01 
   -2.4454181786238743e-01 
   -2.3560025500056331e-01 
   -2.2660520795245459e-01 
   -2.1755883480451957e-01 
   -2.0846330946930736e-01 
   -1.9932082105877147e-01 
   -1.9013357324428187e-01 
   -1.8090378360375731e-01 
   -1.7163368295636577e-01 
   -1.6232551468526735e-01 
   -1.5298153404889772e-01 
   -1.4360400748131585e-01 
   -1.3419521188216135e-01 
   -1.2475743389679010e-01 
   -1.1529296918717714e-01 
   -1.0580412169419599e-01 
   -9.6293202891902102e-02 
   -8.6762531034465684e-02 
   -7.7214430396414999e-02 
   -6.7651230506866195e-02 
   -5.8075265378428671e-02 
   -4.8488872731487137e-02 
   -3.8894393214571499e-02 
   -2.9294169621534721e-02 
   -1.9690546106265833e-02 
   -1.0085867395670996e-02 
   -4.8247800165944661e-04 
   9.1172785671263957e-03 
   1.8711060593096653e-02 
   2.8296528936276370e-02 
   3.7871347818907872e-02 
   4.7433185607360519e-02 
   5.6979715590620976e-02 
   6.6508616754644381e-02 
   7.6017574551855663e-02 
   8.5504281665100559e-02 
   9.4966438765357916e-02 
   1.0440175526253787e-01 
   1.1380795004870560e-01 
   1.2318275223308621e-01 
   1.3252390186822366e-01 
   1.4182915066668569e-01 
   1.5109626270772605e-01 
   1.6032301513333680e-01 
   1.6950719883314522e-01 
   1.7864661911763341e-01 
   1.8773909637918185e-01 
   1.9678246674046410e-01 
   2.0577458268974469e-01 
   2.1471331370265911e-01 
   2.2359654685008140e-01 
   2.3242218739171303e-01 
   2.4118815935505405e-01 
   2.4989240609944671e-01 
   2.5853289086490955e-01 
   2.6710759730551015e-01 
   2.7561453000705288e-01 
   2.8405171498888748e-01 
   2.9241720018967382e-01 
   3.0070905593696728e-01 
   3.0892537540051762e-01 
   3.1706427502920398e-01 
   3.2512389497155625e-01 
   3.3310239947984172e-01 
   3.4099797729772352e-01 
   3.4880884203152479e-01 
   3.5653323250515828e-01 
   3.6416941309880890e-01 
   3.7171567407148054e-01 
   3.7917033186754401e-01 
   3.8653172940744690e-01 
   3.9379823636276901e-01 
   4.0096824941582992e-01 
   4.0804019250407603e-01 
   4.1501251704949543e-01 
   4.2188370217332877e-01 
   4.2865225489636211e-01 
   4.3531671032510610e-01 
   4.4187563182418288e-01 
   4.4832761117525594e-01 
   4.5467126872285524e-01 
   4.6090525350746109e-01 
   4.6702824338622401e-01 
   4.7303894514170935e-01 
   4.7893609457906450e-01 
   4.8471845661201712e-01 
   4.9038482533812011e-01 
   4.9593402410366644e-01 
   5.0136490555870306e-01 
   5.0667635170257808e-01 
   5.1186727392045883e-01 
   5.1693661301126259e-01 
   5.2188333920744223e-01 
   5.2670645218707113e-01 
   5.3140498107867107e-01 
   5.3597798445922618e-01 
   5.4042455034582371e-01 
   5.4474379618136048e-01 
   5.4893486881474873e-01 
   5.5299694447605241e-01 
   5.5692922874697803e-01 
   5.6073095652713922e-01 
   5.6440139199650607e-01 
   5.6793982857444414e-01 
   5.7134558887573839e-01 
   5.7461802466398881e-01 
   5.7775651680275486e-01 
   5.8076047520481555e-01 
   5.8362933877990042e-01 
   5.8636257538123648e-01 
   5.8895968175124258e-01 
   5.9142018346669167e-01 
   5.9374363488364701e-01 
   5.9592961908246578e-01 
   5.9797774781314994e-01 
   5.9988766144130823e-01 
   6.0165902889498113e-01 
   6.0329154761256276e-01 
   6.0478494349204037e-01 
   6.0613897084175639e-01 
   6.0735341233288065e-01 
   6.0842807895376561e-01 
   6.0936280996634085e-01 
   6.1015747286468625e-01 
   6.1081196333590704e-01 
   6.1132620522341696e-01 
   6.1170015049271809e-01 
   6.1193377919975034e-01 
   6.1202709946186606e-01 
   6.1198014743146667e-01 
   6.1179298727232390e-01 
   6.1146571113858816e-01 
   6.1099843915647156e-01 
   6.1039131940857583e-01 
   6.0964452792081680e-01 
   6.0875826865188309e-01 
   6.0773277348514676e-01 
   6.0656830222292990e-01 
   6.0526514258301323e-01 
   6.0382361019725672e-01 
   6.0224404861218639e-01 
   6.0052682929138634e-01 
   5.9867235161951859e-01 
   5.9668104290777824e-01 
   5.9455335840057777e-01 
   5.9228978128323817e-01 
   5.8989082269045101e-01 
   5.8735702171526294e-01 
   5.8468894541831784e-01 
   5.8188718883708279e-01 
   5.7895237499476737e-01 
   5.7588515490863712e-01 
   5.7268620759740896e-01 
   5.6935624008740515e-01 
   5.6589598741713276e-01 
   5.6230621263994474e-01 
   5.5858770682443137e-01 
   5.5474128905217912e-01 
   5.5076780641252954e-01 
   5.4666813399396053e-01 
   5.4244317487170712e-01 
   5.3809386009123394e-01 
   5.3362114864716381e-01 
   5.2902602745726524e-01 
   5.2430951133109616e-01 
   5.1947264293290019e-01 
   5.1451649273834732e-01 
   5.0944215898471290e-01 
   5.0425076761408594e-01 
   4.9894347220919999e-01 
   4.9352145392148111e-01 
   4.8798592139090913e-01 
   4.8233811065729337e-01 
   4.7657928506256669e-01 
   4.7071073514370809e-01 
   4.6473377851591025e-01 
   4.5864975974561512e-01 
   4.5246005021304914e-01 
   4.4616604796389903e-01 
   4.3976917754977879e-01 
   4.3327088985714984e-01 
   4.2667266192436815e-01 
   4.1997599674654540e-01 
   4.1318242306792480e-01 
   4.0629349516148711e-01 
   3.9931079259551827e-01 
   3.9223591998688673e-01 
   3.8507050674079546e-01 
   3.7781620677679278e-01 
   3.7047469824084478e-01 
   3.6304768320329184e-01 
   3.5553688734253325e-01 
   3.4794405961430430e-01 
   3.4027097190643285e-01 
   3.3251941867898488e-01 
   3.2469121658973238e-01 
   3.1678820410489944e-01 
   3.0881224109516831e-01 
   3.0076520841695070e-01 
   2.9264900747895534e-01 
   2.8446555979410826e-01 
   2.7621680651690789e-01 
   2.6790470796632293e-01 
   2.5953124313436726e-01 
   2.5109840918051202e-01 
   2.4260822091212195e-01 
   2.3406271025112799e-01 
   2.2546392568717546e-01 
   2.1681393171751215e-01 
   2.0811480827390649e-01 
   1.9936865013691155e-01 
   1.9057756633781489e-01 
   1.8174367954863943e-01 
   1.7286912546058378e-01 
   1.6395605215131404e-01 
   1.5500661944154198e-01 
   1.4602299824134590e-01 
   1.3700736988671189e-01 
   1.2796192546679352e-01 
   1.1888886514240730e-01 
   1.0979039745629930e-01 
   1.0066873863573630e-01 
   9.1526111887990563e-02 
   8.2364746689302548e-02 
   7.3186878067920291e-02 
   6.3994745881826173e-02 
   5.4790594091773982e-02 
   4.5576670030268898e-02 
   3.6355223667132119e-02 
   2.7128506872299320e-02 
   1.7898772676508169e-02 
   8.6682745305350049e-03 
   -5.6073443635599671e-04 
   -9.7860021580858710e-03 
   -1.9005278372890393e-02 
   -2.8216315363241276e-02 
   -3.7416868693896592e-02 
   -4.6604697947421780e-02 
   -5.5777567456527760e-02 
   -6.4933247032579300e-02 
   -7.4069512689634631e-02 
   -8.3184147363386723e-02 
   -9.2274941624387083e-02 
   -1.0133969438494489e-01 
   -1.1037621359910739e-01 
   -1.1938231695514176e-01 
   -1.2835583255995406e-01 
   -1.3729459961489751e-01 
   -1.4619646908244016e-01 
   -1.5505930434317994e-01 
   -1.6388098184271571e-01 
   -1.7265939172790248e-01 
   -1.8139243847204045e-01 
   -1.9007804148857005e-01 
   -1.9871413573286711e-01 
   -2.0729867229175647e-01 
   -2.1582961896038544e-01 
   -2.2430496080612355e-01 
   -2.3272270071917980e-01 
   -2.4108085994965342e-01 
   -2.4937747863076010e-01 
   -2.5761061628800114e-01 
   -2.6577835233406888e-01 
   -2.7387878654930764e-01 
   -2.8191003954757538e-01 
   -2.8987025322737747e-01 
   -2.9775759120816914e-01 
   -3.0557023925174942e-01 
   -3.1330640566869455e-01 
   -3.2096432170980344e-01 
   -3.2854224194255338e-01 
   -3.3603844461258781e-01 
   -3.4345123199028177e-01 
   -3.5077893070245481e-01 
   -3.5801989204932233e-01 
   -3.6517249230680060e-01 
   -3.7223513301429989e-01 
   -3.7920624124816282e-01 
   -3.8608426988092431e-01 
   -3.9286769782658848e-01 
   -3.9955503027213701e-01 
   -4.0614479889550131e-01 
   -4.1263556207024654e-01 
   -4.1902590505723303e-01 
   -4.2531444018353431e-01 
   -4.3149980700890650e-01 
   -4.3758067248011562e-01 
   -4.4355573107344309e-01 
   -4.4942370492570016e-01 
   -4.5518334395409249e-01 
   -4.6083342596528637e-01 
   -4.6637275675403539e-01 
   -4.7180017019173498e-01 
   -4.7711452830527856e-01 
   -4.8231472134659420e-01 
   -4.8739966785324623e-01 
   -4.9236831470048953e-01 
   -4.9721963714516754e-01 
   -5.0195263886184638e-01 
   -5.0656635197157929e-01 
   -5.1105983706369595e-01 
   -5.1543218321100914e-01 
   -5.1968250797883175e-01 
   -5.2380995742819392e-01 
   -5.2781370611364664e-01 
   -5.3169295707603492e-01 
   -5.3544694183061936e-01 
   -5.3907492035091820e-01 
   -5.4257618104863747e-01 
   -5.4595004075004983e-01 
   -5.4919584466917393e-01 
   -5.5231296637810079e-01 
   -5.5530080777480184e-01 
   -5.5815879904874688e-01 
   -5.6088639864464962e-01 
   -5.6348309322464663e-01 
   -5.6594839762920746e-01 
   -5.6828185483706073e-01 
   -5.7048303592440897e-01 
   -5.7255154002369468e-01 
   -5.7448699428216565e-01 
   -5.7628905382047602e-01 
   -5.7795740169154530e-01 
   -5.7949174883988552e-01 
   -5.8089183406159084e-01 
   -5.8215742396517112e-01 
   -5.8328831293339745e-01 
   -5.8428432308631018e-01 
   -5.8514530424552846e-01 
   -5.8587113389998291e-01 
   -5.8646171717317996e-01 
   -5.8691698679208915e-01 
   -5.8723690305773069e-01 
   -5.8742145381752497e-01 
   -5.8747065443945012e-01 
   -5.8738454778803828e-01 
   -5.8716320420222479e-01 
   -5.8680672147505120e-01 
   -5.8631522483520593e-01 
   -5.8568886693036992e-01 
   -5.8492782781232311e-01 
   -5.8403231492374763e-01 
   -5.8300256308665244e-01 
   -5.8183883449232665e-01 
   -5.8054141869271525e-01 
   -5.7911063259309614e-01 
   -5.7754682044592254e-01 
   -5.7585035384568162e-01 
   -5.7402163172460474e-01 
   -5.7206108034905334e-01 
   -5.6996915331638942e-01 
   -5.6774633155212628e-01 
   -5.6539312330714542e-01 
   -5.6291006415474909e-01 
   -5.6029771698730957e-01 
   -5.5755667201226378e-01 
   -5.5468754674718890e-01 
   -5.5169098601368793e-01 
   -5.4856766192980022e-01 
   -5.4531827390064525e-01 
   -5.4194354860699701e-01 
   -5.3844423999147917e-01 
   -5.3482112924206282e-01 
   -5.3107502477254087e-01 
   -5.2720676219964724e-01 
   -5.2321720431648233e-01 
   -5.1910724106190120e-01 
   -5.1487778948551610e-01 
   -5.1052979370796059e-01 
   -5.0606422487605995e-01 
   -5.0148208111254933e-01 
   -4.9678438745997916e-01 
   -4.9197219581844748e-01 
   -4.8704658487679642e-01 
   -4.8200866003691306e-01 
   -4.7685955333077412e-01 
   -4.7160042332987751e-01 
   -4.6623245504670568e-01 
   -4.6075685982787068e-01 
   -4.5517487523859401e-01 
   -4.4948776493818149e-01 
   -4.4369681854615844e-01 
   -4.3780335149873845e-01 
   -4.3180870489530659e-01 
   -4.2571424533460767e-01 
   -4.1952136474033869e-01 
   -4.1323148017585670e-01 
   -4.0684603364772381e-01 
   -4.0036649189782342e-01 
   -3.9379434618379577e-01 
   -3.8713111204755385e-01 
   -3.8037832907165603e-01 
   -3.7353756062332694e-01 
   -3.6661039358593478e-01 
   -3.5959843807774994e-01 
   -3.5250332715782728e-01 
   -3.4532671651887348e-01 
   -3.3807028416697860e-01 
   -3.3073573008811241e-01 
   -3.2332477590130382e-01 
   -3.1583916449844474e-01 
   -3.0828065967067897e-01 
   -3.0065104572135959e-01 
   -2.9295212706557938e-01 
   -2.8518572781630169e-01 
   -2.7735369135714166e-01 
   -2.6945787990187031e-01 
   -2.6150017404073717e-01 
   -2.5348247227373061e-01 
   -2.4540669053091804e-01 
   -2.3727476168003109e-01 
   -2.2908863502148488e-01 
   -2.2085027577104316e-01 
   -2.1256166453036418e-01 
   -2.0422479674568503e-01 
   -1.9584168215492476e-01 
   -1.8741434422350869e-01 
   -1.7894481956923813e-01 
   -1.7043515737655121e-01 
   -1.6188741880054125e-01 
   -1.5330367636111952e-01 
   -1.4468601332772854e-01 
   -1.3603652309503161e-01 
   -1.2735730855002206e-01 
   -1.1865048143101317e-01 
   -1.0991816167898667e-01 
   -1.0116247678179296e-01 
   -9.2385561111711423e-02 
   -8.3589555256892670e-02 
   -7.4776605347217640e-02 
   -6.5948862375119863e-02 
   -5.7108481511928134e-02 
   -4.8257621420296180e-02 
   -3.9398443563294347e-02 
   -3.0533111510745420e-02 
   -2.1663790243392718e-02 
   -1.2792645455493381e-02 
   -3.9218428564332004e-03 
   4.9464525280382959e-03 
   1.3810077054352813e-02 
   2.2666869158848843e-02 
   3.1514670054079819e-02 
   4.0351324423109632e-02 
   4.9174681111204155e-02 
   5.7982593814332781e-02 
   6.6772921763900234e-02 
   7.5543530407136544e-02 
   8.4292292082581932e-02 
   9.3017086690113077e-02 
   1.0171580235496848e-01 
   1.1038633608524245e-01 
   1.1902659442233063e-01 
   1.2763449408382382e-01 
   1.3620796259836229e-01 
   1.4474493893197826e-01 
   1.5324337410547173e-01 
   1.6170123180238166e-01 
   1.7011648896713386e-01 
   1.7848713639296526e-01 
   1.8681117929924448e-01 
   1.9508663789782890e-01 
   2.0331154794811909e-01 
   2.1148396130049335e-01 
   2.1960194642782629e-01 
   2.2766358894481820e-01 
   2.3566699211488362e-01 
   2.4361027734437130e-01 
   2.5149158466390936e-01 
   2.5930907319669366e-01 
   2.6706092161355938e-01 
   2.7474532857469974e-01 
   2.8236051315791832e-01 
   2.8990471527332434e-01 
   2.9737619606440330e-01 
   3.0477323829541719e-01 
   3.1209414672511188e-01 
   3.1933724846672995e-01 
   3.2650089333434940e-01 
   3.3358345417559015e-01 
   3.4058332719074974e-01 
   3.4749893223845141e-01 
   3.5432871312790554e-01 
   3.6107113789790640e-01 
   3.6772469908270267e-01 
   3.7428791396489969e-01 
   3.8075932481556707e-01 
   3.8713749912174267e-01 
   3.9342102980153942e-01 
   3.9960853540707575e-01 
   4.0569866031546536e-01 
   4.1169007490811521e-01 
   4.1758147573859261e-01 
   4.2337158568933470e-01 
   4.2905915411748435e-01 
   4.3464295699014616e-01 
   4.4012179700936599e-01 
   4.4549450372714577e-01 
   4.5075993365081224e-01 
   4.5591697033906609e-01 
   4.6096452448904240e-01 
   4.6590153401471990e-01 
   4.7072696411701886e-01 
   4.7543980734593289e-01 
   4.8003908365504022e-01 
   4.8452384044874369e-01 
   4.8889315262258820e-01 
   4.9314612259700552e-01 
   4.9728188034483467e-01 
   5.0129958341296588e-01 
   5.0519841693845324e-01 
   5.0897759365943807e-01 
   5.1263635392122286e-01 
   5.1617396567782947e-01 
   5.1958972448937235e-01 
   5.2288295351557068e-01 
   5.2605300350571782e-01 
   5.2909925278541958e-01 
   5.3202110724040541e-01 
   5.3481800029770943e-01 
   5.3748939290450914e-01 
   5.4003477350490059e-01 
   5.4245365801488066e-01 
   5.4474558979579657e-01 
   5.4691013962651136e-01 
   5.4894690567452631e-01 
   5.5085551346628725e-01 
   5.5263561585689247e-01 
   5.5428689299940670e-01 
   5.5580905231397504e-01 
   5.5720182845691746e-01 
   5.5846498328997174e-01 
   5.5959830584984127e-01 
   5.6060161231818884e-01 
   5.6147474599220704e-01 
   5.6221757725587995e-01 
   5.6283000355203894e-01 
   5.6331194935530082e-01 
   5.6366336614596346e-01 
   5.6388423238491903e-01 
   5.6397455348963255e-01 
   5.6393436181121825e-01 
   5.6376371661263291e-01 
   5.6346270404799026e-01 
   5.6303143714298876e-01 
   5.6247005577642861e-01 
   5.6177872666278172e-01 
   5.6095764333576337e-01 
   5.6000702613284203e-01 
   5.5892712218060903e-01 
   5.5771820538091665e-01 
   5.5638057639768068e-01 
   5.5491456264422956e-01 
   5.5332051827106976e-01 
   5.5159882415392536e-01 
   5.4974988788189527e-01 
   5.4777414374556233e-01 
   5.4567205272487429e-01 
   5.4344410247660724e-01 
   5.4109080732120962e-01 
   5.3861270822881424e-01 
   5.3601037280419750e-01 
   5.3328439527045157e-01 
   5.3043539645112925e-01 
   5.2746402375060986e-01 
   5.2437095113242693e-01 
   5.2115687909529052e-01 
   5.1782253464652872e-01 
   5.1436867127266661e-01 
   5.1079606890685347e-01 
   5.0710553389284407e-01 
   5.0329789894523447e-01 
   4.9937402310564688e-01 
   4.9533479169455535e-01 
   4.9118111625843974e-01 
   4.8691393451195270e-01 
   4.8253421027478266e-01 
   4.7804293340289350e-01 
   4.7344111971382169e-01 
   4.6872981090571070e-01 
   4.6391007446976396e-01 
   4.5898300359579808e-01 
   4.5394971707058102e-01 
   4.4881135916864218e-01 
   4.4356909953524504e-01 
   4.3822413306121760e-01 
   4.3277767974934067e-01 
   4.2723098457199998e-01 
   4.2158531731981524e-01 
   4.1584197244096588e-01 
   4.1000226887094182e-01 
   4.0406754985245708e-01 
   3.9803918274527239e-01 
   3.9191855882568488e-01 
   3.8570709307545314e-01 
   3.7940622395993856e-01 
   3.7301741319525544e-01 
   3.6654214550423680e-01 
   3.5998192836103643e-01 
   3.5333829172420184e-01 
   3.4661278775806886e-01 
   3.3980699054234381e-01 
   3.3292249576975624e-01 
   3.2596092043168196e-01 
   3.1892390249165314e-01 
   3.1181310054669159e-01 
   3.0463019347641829e-01 
   2.9737688007991225e-01 
   2.9005487870031033e-01 
   2.8266592683716002e-01 
   2.7521178074655628e-01 
   2.6769421502911422e-01 
   2.6011502220584942e-01 
   2.5247601228205896e-01 
   2.4477901229931567e-01 
   2.3702586587570981e-01 
   2.2921843273449274e-01 
   2.2135858822129778e-01 
   2.1344822281013417e-01 
   2.0548924159837026e-01 
   1.9748356379094262e-01 
   1.8943312217404765e-01 
   1.8133986257859167e-01 
   1.7320574333369543e-01 
   1.6503273471056731e-01 
   1.5682281835707848e-01 
   1.4857798672339087e-01 
   1.4030024247900649e-01 
   1.3199159792162354e-01 
   1.2365407437820050e-01 
   1.1528970159864547e-01 
   1.0690051714256228e-01 
   9.8488565759499075e-02 
   9.0055898763158254e-02 
   8.1604573400038752e-02 
   7.3136652212993133e-02 
   6.4654202400192484e-02 
   5.6159295170001358e-02 
   4.7654005092273743e-02 
   3.9140409446588378e-02 
   3.0620587567948231e-02 
   2.2096620190474342e-02 
   1.3570588789628496e-02 
   5.0445749235025206e-03 
   -3.4793404262859502e-03 
   -1.1999077513550309e-02 
   -2.0512558485803557e-02 
   -2.9017708041298940e-02 
   -3.7512454084305223e-02 
   -4.5994728378082529e-02 
   -5.4462467195029084e-02 
   -6.2913611963474780e-02 
   -7.1346109910603958e-02 
   -7.9757914700997398e-02 
   -8.8146987070292102e-02 
   -9.6511295453467094e-02 
   -1.0484881660727387e-01 
   -1.1315753622634162e-01 
   -1.2143544955249969e-01 
   -1.2968056197687300e-01 
   -1.3789088963431989e-01 
   -1.4606445998979700e-01 
   -1.5419931241625082e-01 
   -1.6229349876365218e-01 
   -1.7034508391880643e-01 
   -1.7835214635558963e-01 
   -1.8631277867527887e-01 
   -1.9422508813666345e-01 
   -2.0208719717564239e-01 
   -2.0989724391403297e-01 
   -2.1765338265733472e-01 
   -2.2535378438121301e-01 
   -2.3299663720648658e-01 
   -2.4058014686242377e-01 
   -2.4810253713817218e-01 
   -2.5556205032216750e-01 
   -2.6295694762938754e-01 
   -2.7028550961633757e-01 
   -2.7754603658367466e-01 
   -2.8473684896639712e-01 
   -2.9185628771154748e-01 
   -2.9890271464339507e-01 
   -3.0587451281608613e-01 
   -3.1277008685376650e-01 
   -3.1958786327820271e-01 
   -3.2632629082394499e-01 
   -3.3298384074109383e-01 
   -3.3955900708574993e-01 
   -3.4605030699824396e-01 
   -3.5245628096925996e-01 
   -3.5877549309398160e-01 
   -3.6500653131440652e-01 
   -3.7114800764998884e-01 
   -3.7719855841678396e-01 
   -3.8315684443528386e-01 
   -3.8902155122714355e-01 
   -3.9479138920101220e-01 
   -4.0046509382769330e-01 
   -4.0604142580486979e-01 
   -4.1151917121164000e-01 
   -4.1689714165311881e-01 
   -4.2217417439536881e-01 
   -4.2734913249093237e-01 
   -4.3242090489524337e-01 
   -4.3738840657420441e-01 
   -4.4225057860321942e-01 
   -4.4700638825797789e-01 
   -4.5165482909729021e-01 
   -4.5619492103827752e-01 
   -4.6062571042422146e-01 
   -4.6494627008538181e-01 
   -4.6915569939309087e-01 
   -4.7325312430743405e-01 
   -4.7723769741882549e-01 
   -4.8110859798378747e-01 
   -4.8486503195524022e-01 
   -4.8850623200760629e-01 
   -4.9203145755703187e-01 
   -4.9543999477702255e-01 
   -4.9873115660978817e-01 
   -5.0190428277358612e-01 
   -5.0495873976634753e-01 
   -5.0789392086586416e-01 
   -5.1070924612680935e-01 
   -5.1340416237485764e-01 
   -5.1597814319816127e-01 
   -5.1843068893643396e-01 
   -5.2076132666788477e-01 
   -5.2296961019423449e-01 
   -5.2505512002403987e-01 
   -5.2701746335454058e-01 
   -5.2885627405223412e-01 
   -5.3057121263237383e-01 
   -5.3216196623757539e-01 
   -5.3362824861570501e-01 
   -5.3496980009721296e-01 
   -5.3618638757206427e-01 
   -5.3727780446640627e-01 
   -5.3824387071910285e-01 
   -5.3908443275825102e-01 
   -5.3979936347778512e-01 
   -5.4038856221426113e-01 
   -5.4085195472390135e-01 
   -5.4118949315996701e-01 
   -5.4140115605051464e-01 
   -5.4148694827657851e-01 
   -5.4144690105080928e-01 
   -5.4128107189658703e-01 
   -5.4098954462761284e-01 
   -5.4057242932797145e-01 
   -5.4002986233264549e-01 
   -5.3936200620844732e-01 
   -5.3856904973532438e-01 
   -5.3765120788798038e-01 
   -5.3660872181774222e-01 
   -5.3544185883459172e-01 
   -5.3415091238926793e-01 
   -5.3273620205533567e-01 
   -5.3119807351110238e-01 
   -5.2953689852125629e-01 
   -5.2775307491808687e-01 
   -5.2584702658213678e-01 
   -5.2381920342212596e-01 
   -5.2167008135397752e-01 
   -5.1940016227876440e-01 
   -5.1700997405938742e-01 
   -5.1450007049578583e-01 
   -5.1187103129847200e-01 
   -5.0912346206017489e-01 
   -5.0625799422536777e-01 
   -5.0327528505744812e-01 
   -5.0017601760333197e-01 
   -4.9696090065521609e-01 
   -4.9363066870925776e-01 
   -4.9018608192091412e-01 
   -4.8662792605667932e-01 
   -4.8295701244195260e-01 
   -4.7917417790476668e-01 
   -4.7528028471510186e-01 
   -4.7127622051950929e-01 
   -4.6716289827076379e-01 
   -4.6294125615226517e-01 
   -4.5861225749690637e-01 
   -4.5417689070012585e-01 
   -4.4963616912686177e-01 
   -4.4499113101212751e-01 
   -4.4024283935492803e-01 
   -4.3539238180524031e-01 
   -4.3044087054378261e-01 
   -4.2538944215430241e-01 
   -4.2023925748811580e-01 
   -4.1499150152063663e-01 
   -4.0964738319963978e-01 
   -4.0420813528500832e-01 
   -3.9867501417972218e-01 
   -3.9304929975185299e-01 
   -3.8733229514733869e-01 
   -3.8152532659332022e-01 
   -3.7562974319183234e-01 
   -3.6964691670365080e-01 
   -3.6357824132210970e-01 
   -3.5742513343671378e-01 
   -3.5118903138638269e-01 
   -3.4487139520217747e-01 
   -3.3847370633937268e-01 
   -3.3199746739875141e-01 
   -3.2544420183701478e-01 
   -3.1881545366621267e-01 
   -3.1211278714211810e-01 
   -3.0533778644148268e-01 
   -2.9849205532812795e-01 
   -2.9157721680784288e-01 
   -2.8459491277207616e-01 
   -2.7754680363042789e-01 
   -2.7043456793196397e-01 
   -2.6325990197539340e-01 
   -2.5602451940816784e-01 
   -2.4873015081457978e-01 
   -2.4137854329295499e-01 
   -2.3397146002205257e-01 
   -2.2651067981680501e-01 
   -2.1899799667354852e-01 
   -2.1143521930491282e-01 
   -2.0382417066455710e-01 
   -1.9616668746195787e-01 
   -1.8846461966747161e-01 
   -1.8071983000791328e-01 
   -1.7293419345290881e-01 
   -1.6510959669229713e-01 
   -1.5724793760487371e-01 
   -1.4935112471878390e-01 
   -1.4142107666389039e-01 
   -1.3345972161645425e-01 
   -1.2546899673648354e-01 
   -1.1745084759811832e-01 
   -1.0940722761343370e-01 
   -1.0134009745005593e-01 
   -9.3251424442998387e-02 
   -8.5143182001136256e-02 
   -7.7017349008748556e-02 
   -6.8875909222566936e-02 
   -6.0720850664779030e-02 
   -5.2554165012442672e-02 
   -4.4377846983774547e-02 
   -3.6193893721783138e-02 
   -2.8004304175721473e-02 
   -1.9811078480839663e-02 
   -1.1616217336920817e-02 
   -3.4217213860866305e-03 
   4.7704094096394194e-03 
   1.2958176390522564e-02 
   2.1139582820572489e-02 
   2.9312634507777130e-02 
   3.7475340422629483e-02 
   4.5625713314465521e-02 
   5.3761770325135454e-02 
   6.1881533599535535e-02 
   6.9983030892533632e-02 
   7.8064296171828557e-02 
   8.6123370216291018e-02 
   9.4158301209342529e-02 
   1.0216714532693806e-01 
   1.1014796731972863e-01 
   1.1809884108899088e-01 
   1.2601785025592238e-01 
   1.3390308872391424e-01 
   1.4175266123342542e-01 
   1.4956468390909705e-01 
   1.5733728479875950e-01 
   1.6506860440399992e-01 
   1.7275679620197340e-01 
   1.8040002715815676e-01 
   1.8799647822976073e-01 
   1.9554434485953254e-01 
   2.0304183745969853e-01 
   2.1048718188581339e-01 
   2.1787861990030088e-01 
   2.2521440962548803e-01 
   2.3249282598595342e-01 
   2.3971216114002822e-01 
   2.4687072490030651e-01 
   2.5396684514304024e-01 
   2.6099886820631174e-01 
   2.6796515927689557e-01 
   2.7486410276573919e-01 
   2.8169410267200934e-01 
   2.8845358293567014e-01 
   2.9514098777857484e-01 
   3.0175478203407152e-01 
   3.0829345146513920e-01 
   3.1475550307108829e-01 
   3.2113946538287458e-01 
   3.2744388874709252e-01 
   3.3366734559872852e-01 
   3.3980843072277017e-01 
   3.4586576150478165e-01 
   3.5183797817056961e-01 
   3.5772374401507689e-01 
   3.6352174562065476e-01 
   3.6923069306487644e-01 
   3.7484932011806610e-01 
   3.8037638443072880e-01 
   3.8581066771107769e-01 
   3.9115097589286357e-01 
   3.9639613929372214e-01 
   4.0154501276426208e-01 
   4.0659647582812530e-01 
   4.1154943281325784e-01 
   4.1640281297463605e-01 
   4.2115557060869885e-01 
   4.2580668515974229e-01 
   4.3035516131853646e-01 
   4.3480002911342908e-01 
   4.3914034399420310e-01 
   4.4337518690895811e-01 
   4.4750366437428762e-01 
   4.5152490853902466e-01 
   4.5543807724182939e-01 
   4.5924235406289210e-01 
   4.6293694837002464e-01 
   4.6652109535941111e-01 
   4.6999405609128786e-01 
   4.7335511752082005e-01 
   4.7660359252443840e-01 
   4.7973881992189721e-01 
   4.8276016449430986e-01 
   4.8566701699841397e-01 
   4.8845879417731253e-01 
   4.9113493876793274e-01 
   4.9369491950543759e-01 
   4.9613823112481864e-01 
   4.9846439435989215e-01 
   5.0067295593991268e-01 
   5.0276348858401143e-01 
