   76.1209     20.4449     93.3919    -81.0022    360.7335      0.0000
    8.4689      0.0000     -1.7998      8.9999      0.0000      0.0000
    8.1142      0.0000     -3.0119      5.4999      0.0000      0.0000
    6.1566      0.0000     -6.0354     33.5002      0.0000      0.0000
    4.2326      0.0000     -7.5417     11.5000      0.0000      0.0000
    2.5918      0.0000     -8.2522     12.0000      0.0000      0.0000
    0.7879      0.0000     -7.0335     28.5000      0.0000      0.0000
   -3.6440      0.0000     -7.8510      6.5000      0.0000      0.0000
   -2.7699      0.0000     -8.1501    -18.0000      0.0000      0.0000
   -1.1446      0.0000     -8.5803     -4.0000      0.0000      0.0000
   -2.1542      0.0000     -8.2851     36.0000      0.0000      0.0000
   -7.0012      0.0000     -5.0191     17.5000      0.0000      0.0000
   -8.5209      0.0000      0.1922     37.4995      0.0000      0.0000
   -8.9791      0.0000      2.5601    -16.0003      0.0000      0.0000
   -8.3076      0.0000     -2.3982     -4.9999      0.0000      0.0000
   -8.2949      0.0000     -2.4575      0.0000      0.0000      0.0000
   -8.4610      0.0000     -1.7329     15.4998      0.0000      0.0000
   -4.5643      0.0000      1.1986     27.4998      0.0000      0.0000
   -1.4828      0.0000      3.1201     44.0005      0.0000      0.0000
   -1.7798      0.0000      4.8747    -12.0004      0.0000      0.0000
   -4.8549      0.0000      7.1606     -6.5002      0.0000      0.0000
   -5.0110      0.0000      7.0408      1.0001      0.0000      0.0000
   -1.2539      0.0000      3.2236     23.5001      0.0000      0.0000
    0.0235      0.0000      8.6141     25.0006      0.0000      0.0000
    1.8962      0.0000      8.4388      0.0000      0.0000      0.0000
    1.8874      0.0000      8.4459      2.5001      0.0000      0.0000
    2.8399      0.0000      8.1715      0.9997      0.0000      0.0000
    6.0449      0.0000      5.4733     33.0003      0.0000      0.0000
    7.1360      0.0000      4.8501     18.0005      0.0000      0.0000
    8.2887      0.0000      2.4506     11.0002      0.0000      0.0000
    8.4905      0.0000      1.6507      3.5002      0.0000      0.0000
    6.9400      0.0000      1.0827     13.4995      0.0000      0.0000

