69.5879 21.3766 93.2545 -91.9963 0.23545 0
81.601 21.8343 92.3498 -76.9965 0.735452 0
92.9766 21.8297 88.3405 -61.9967 0.735452 0
100.228 21.341 81.0039 -34.4971 0.73545 0
105.226 21.404 68.1394 -16.497 0.26455 0
103.736 21.4055 56.1297 13.003 0.23545 0
100.486 21.123 44.467 13.003 0.73545 0
98.141 21.3461 30.8253 11.503 0.76455 0
89.7899 21.2176 22.7867 68.5026 0.23545 0
74.2827 20.9532 23.2783 91.5023 0.26455 0
60.8618 21.2065 19.8984 73.0026 0.23545 0
43.8369 21.4949 19.793 107.002 0.764554 0
37.3801 21.4913 32.041 152.503 0.76455 0
28.1895 21.4597 46.6934 143.503 0.235446 0
30.2487 20.4664 58.579 189.503 0.76455 0
32.273 20.6813 68.7527 195.504 0.235449 0


