   7.8539816339744828e-01 
   7.8539762322101381e-01 
   7.8539599990505926e-01 
   7.8539328927062824e-01 
   7.8538948714016943e-01 
   7.8538458933759137e-01 
   7.8537859168831736e-01 
   7.8537149001934037e-01 
   7.8536328015927770e-01 
   7.8535395793842577e-01 
   7.8534351918881462e-01 
   7.8533195974426240e-01 
   7.8531927544043012e-01 
   7.8530546211487573e-01 
   7.8529051560710850e-01 
   7.8527443175864353e-01 
   7.8525720641305552e-01 
   7.8523883541603334e-01 
   7.8521931461543371e-01 
   7.8519863986133520e-01 
   7.8517680700609238e-01 
   7.8515381190438938e-01 
   7.8512965041329386e-01 
   7.8510431839231032e-01 
   7.8507781170343416e-01 
   7.8505012621120496e-01 
   7.8502125778276000e-01 
   7.8499120228788755e-01 
   7.8495995559908038e-01 
   7.8492751359158885e-01 
   7.8489387214347406e-01 
   7.8485902713566114e-01 
   7.8482297445199201e-01 
   7.8478570997927866e-01 
   7.8474722960735566e-01 
   7.8470752922913334e-01 
   7.8466660474065031e-01 
   7.8462445204112619e-01 
   7.8458106703301422e-01 
   7.8453644562205360e-01 
   7.8449058371732228e-01 
   7.8444347723128904e-01 
   7.8439512207986595e-01 
   7.8434551418246068e-01 
   7.8429464946202854e-01 
   7.8424252384512438e-01 
   7.8418913326195516e-01 
   7.8413447364643141e-01 
   7.8407854093621931e-01 
   7.8402133107279248e-01 
   7.8396284000148375e-01 
   7.8390306367153673e-01 
   7.8384199803615762e-01 
   7.8377963905256642e-01 
   7.8371598268204867e-01 
   7.8365102489000682e-01 
   7.8358476164601143e-01 
   7.8351718892385247e-01 
   7.8344830270159049e-01 
   7.8337809896160771e-01 
   7.8330657369065926e-01 
   7.8323372287992399e-01 
   7.8315954252505526e-01 
   7.8308402862623205e-01 
   7.8300717718820967e-01 
   7.8292898422037027e-01 
   7.8284944573677373e-01 
   7.8276855775620813e-01 
   7.8268631630224017e-01 
   7.8260271740326581e-01 
   7.8251775709256044e-01 
   7.8243143140832938e-01 
   7.8234373639375787e-01 
   7.8225466809706168e-01 
   7.8216422257153662e-01 
   7.8207239587560917e-01 
   7.8197918407288625e-01 
   7.8188458323220478e-01 
   7.8178858942768226e-01 
   7.8169119873876591e-01 
   7.8159240725028278e-01 
   7.8149221105248923e-01 
   7.8139060624112067e-01 
   7.8128758891744110e-01 
   7.8118315518829229e-01 
   7.8107730116614371e-01 
   7.8097002296914153e-01 
   7.8086131672115811e-01 
   7.8075117855184095e-01 
   7.8063960459666215e-01 
   7.8052659099696753e-01 
   7.8041213390002562e-01 
   7.8029622945907651e-01 
   7.8017887383338103e-01 
   7.8006006318826959e-01 
   7.7993979369519095e-01 
   7.7981806153176092e-01 
   7.7969486288181133e-01 
   7.7957019393543836e-01 
   7.7944405088905133e-01 
   7.7931642994542139e-01 
   7.7918732731372964e-01 
   7.7905673920961593e-01 
   7.7892466185522702e-01 
   7.7879109147926506e-01 
   7.7865602431703573e-01 
   7.7851945661049660e-01 
   7.7838138460830519e-01 
   7.7824180456586711e-01 
   7.7810071274538417e-01 
   7.7795810541590238e-01 
   7.7781397885335990e-01 
   7.7766832934063501e-01 
   7.7752115316759407e-01 
   7.7737244663113891e-01 
   7.7722220603525527e-01 
   7.7707042769105983e-01 
   7.7691710791684832e-01 
   7.7676224303814312e-01 
   7.7660582938774070e-01 
   7.7644786330575921e-01 
   7.7628834113968592e-01 
   7.7612725924442483e-01 
   7.7596461398234373e-01 
   7.7580040172332199e-01 
   7.7563461884479756e-01 
   7.7546726173181424e-01 
   7.7529832677706911e-01 
   7.7512781038095946e-01 
   7.7495570895163013e-01 
   7.7478201890502063e-01 
   7.7460673666491187e-01 
   7.7442985866297342e-01 
   7.7425138133881066e-01 
   7.7407130114001121e-01 
   7.7388961452219240e-01 
   7.7370631794904776e-01 
   7.7352140789239388e-01 
   7.7333488083221735e-01 
   7.7314673325672134e-01 
   7.7295696166237227e-01 
   7.7276556255394679e-01 
   7.7257253244457802e-01 
   7.7237786785580242e-01 
   7.7218156531760618e-01 
   7.7198362136847198e-01 
   7.7178403255542538e-01 
   7.7158279543408104e-01 
   7.7137990656868960e-01 
   7.7117536253218377e-01 
   7.7096915990622483e-01 
   7.7076129528124881e-01 
   7.7055176525651303e-01 
   7.7034056644014226e-01 
   7.7012769544917481e-01 
   7.6991314890960916e-01 
   7.6969692345644969e-01 
   7.6947901573375321e-01 
   7.6925942239467493e-01 
   7.6903814010151439e-01 
   7.6881516552576201e-01 
   7.6859049534814472e-01 
   7.6836412625867212e-01 
   7.6813605495668269e-01 
   7.6790627815088930e-01 
   7.6767479255942572e-01 
   7.6744159490989217e-01 
   7.6720668193940134e-01 
   7.6697005039462440e-01 
   7.6673169703183663e-01 
   7.6649161861696358e-01 
   7.6624981192562647e-01 
   7.6600627374318830e-01 
   7.6576100086479970e-01 
   7.6551399009544441e-01 
   7.6526523824998516e-01 
   7.6501474215320953e-01 
   7.6476249863987544e-01 
   7.6450850455475694e-01 
   7.6425275675268989e-01 
   7.6399525209861763e-01 
   7.6373598746763649e-01 
   7.6347495974504154e-01 
   7.6321216582637208e-01 
   7.6294760261745753e-01 
   7.6268126703446260e-01 
   7.6241315600393300e-01 
   7.6214326646284114e-01 
   7.6187159535863158e-01 
   7.6159813964926637e-01 
   7.6132289630327088e-01 
   7.6104586229977900e-01 
   7.6076703462857875e-01 
   7.6048641029015784e-01 
   7.6020398629574892e-01 
   7.5991975966737524e-01 
   7.5963372743789603e-01 
   7.5934588665105185e-01 
   7.5905623436151015e-01 
   7.5876476763491052e-01 
   7.5847148354791016e-01 
   7.5817637918822933e-01 
   7.5787945165469683e-01 
   7.5758069805729500e-01 
   7.5728011551720553e-01 
   7.5697770116685459e-01 
   7.5667345214995818e-01 
   7.5636736562156770e-01 
   7.5605943874811510e-01 
   7.5574966870745808e-01 
   7.5543805268892583e-01 
   7.5512458789336401e-01 
   7.5480927153318034e-01 
   7.5449210083238960e-01 
   7.5417307302665937e-01 
   7.5385218536335508e-01 
   7.5352943510158521e-01 
   7.5320481951224683e-01 
   7.5287833587807085e-01 
   7.5254998149366725e-01 
   7.5221975366557059e-01 
   7.5188764971228494e-01 
   7.5155366696432957e-01 
   7.5121780276428385e-01 
   7.5088005446683304e-01 
   7.5054041943881300e-01 
   7.5019889505925597e-01 
   7.4985547871943570e-01 
   7.4951016782291269e-01 
   7.4916295978557934e-01 
   7.4881385203570561e-01 
   7.4846284201398405e-01 
   7.4810992717357516e-01 
   7.4775510498015263e-01 
   7.4739837291194877e-01 
   7.4703972845979949e-01 
   7.4667916912719012e-01 
   7.4631669243030019e-01 
   7.4595229589804890e-01 
   7.4558597707214058e-01 
   7.4521773350710974e-01 
   7.4484756277036657e-01 
   7.4447546244224216e-01 
   7.4410143011603380e-01 
   7.4372546339805012e-01 
   7.4334755990765689e-01 
   7.4296771727732169e-01 
   7.4258593315265964e-01 
   7.4220220519247859e-01 
   7.4181653106882461e-01 
   7.4142890846702691e-01 
   7.4103933508574349e-01 
   7.4064780863700630e-01 
   7.4025432684626669e-01 
   7.3985888745244077e-01 
   7.3946148820795443e-01 
   7.3906212687878903e-01 
   7.3866080124452649e-01 
   7.3825750909839472e-01 
   7.3785224824731288e-01 
   7.3744501651193695e-01 
   7.3703581172670474e-01 
   7.3662463173988146e-01 
   7.3621147441360490e-01 
   7.3579633762393093e-01 
   7.3537921926087879e-01 
   7.3496011722847632e-01 
   7.3453902944480542e-01 
   7.3411595384204742e-01 
   7.3369088836652829e-01 
   7.3326383097876424e-01 
   7.3283477965350674e-01 
   7.3240373237978806e-01 
   7.3197068716096669e-01 
   7.3153564201477239e-01 
   7.3109859497335195e-01 
   7.3065954408331424e-01 
   7.3021848740577555e-01 
   7.2977542301640519e-01 
   7.2933034900547045e-01 
   7.2888326347788224e-01 
   7.2843416455324039e-01 
   7.2798305036587885e-01 
   7.2752991906491116e-01 
   7.2707476881427580e-01 
   7.2661759779278123e-01 
   7.2615840419415156e-01 
   7.2569718622707180e-01 
   7.2523394211523295e-01 
   7.2476867009737755e-01 
   7.2430136842734494e-01 
   7.2383203537411644e-01 
   7.2336066922186082e-01 
   7.2288726826997940e-01 
   7.2241183083315152e-01 
   7.2193435524137961e-01 
   7.2145483984003456e-01 
   7.2097328298990104e-01 
   7.2048968306722272e-01 
   7.2000403846374728e-01 
   7.1951634758677196e-01 
   7.1902660885918868e-01 
   7.1853482071952912e-01 
   7.1804098162201002e-01 
   7.1754509003657840e-01 
   7.1704714444895656e-01 
   7.1654714336068748e-01 
   7.1604508528917987e-01 
   7.1554096876775308e-01 
   7.1503479234568257e-01 
   7.1452655458824488e-01 
   7.1401625407676250e-01 
   7.1350388940864928e-01 
   7.1298945919745516e-01 
   7.1247296207291155e-01 
   7.1195439668097593e-01 
   7.1143376168387717e-01 
   7.1091105576016034e-01 
   7.1038627760473172e-01 
   7.0985942592890372e-01 
   7.0933049946043980e-01 
   7.0879949694359934e-01 
   7.0826641713918237e-01 
   7.0773125882457466e-01 
   7.0719402079379223e-01 
   7.0665470185752643e-01 
   7.0611330084318846e-01 
   7.0556981659495421e-01 
   7.0502424797380903e-01 
   7.0447659385759198e-01 
   7.0392685314104120e-01 
   7.0337502473583768e-01 
   7.0282110757065053e-01 
   7.0226510059118108e-01 
   7.0170700276020748e-01 
   7.0114681305762927e-01 
   7.0058453048051172e-01 
   7.0002015404313034e-01 
   6.9945368277701492e-01 
   6.9888511573099421e-01 
   6.9831445197123998e-01 
   6.9774169058131141e-01 
   6.9716683066219898e-01 
   6.9658987133236883e-01 
   6.9601081172780699e-01 
   6.9542965100206311e-01 
   6.9484638832629475e-01 
   6.9426102288931102e-01 
   6.9367355389761687e-01 
   6.9308398057545662e-01 
   6.9249230216485791e-01 
   6.9189851792567558e-01 
   6.9130262713563495e-01 
   6.9070462909037600e-01 
   6.9010452310349657e-01 
   6.8950230850659600e-01 
   6.8889798464931851e-01 
   6.8829155089939698e-01 
   6.8768300664269566e-01 
   6.8707235128325417e-01 
   6.8645958424333009e-01 
   6.8584470496344241e-01 
   6.8522771290241480e-01 
   6.8460860753741815e-01 
   6.8398738836401396e-01 
   6.8336405489619712e-01 
   6.8273860666643837e-01 
   6.8211104322572758e-01 
   6.8148136414361604e-01 
   6.8084956900825910e-01 
   6.8021565742645873e-01 
   6.7957962902370606e-01 
   6.7894148344422334e-01 
   6.7830122035100671e-01 
   6.7765883942586791e-01 
   6.7701434036947683e-01 
   6.7636772290140312e-01 
   6.7571898676015818e-01 
   6.7506813170323721e-01 
   6.7441515750716086e-01 
   6.7376006396751664e-01 
   6.7310285089900079e-01 
   6.7244351813545955e-01 
   6.7178206552993069e-01 
   6.7111849295468440e-01 
   6.7045280030126486e-01 
   6.6978498748053106e-01 
   6.6911505442269792e-01 
   6.6844300107737697e-01 
   6.6776882741361709e-01 
   6.6709253341994523e-01 
   6.6641411910440684e-01 
   6.6573358449460651e-01 
   6.6505092963774792e-01 
   6.6436615460067427e-01 
   6.6367925946990813e-01 
   6.6299024435169163e-01 
   6.6229910937202596e-01 
   6.6160585467671151e-01 
   6.6091048043138689e-01 
   6.6021298682156881e-01 
   6.5951337405269117e-01 
   6.5881164235014422e-01 
   6.5810779195931401e-01 
   6.5740182314562068e-01 
   6.5669373619455773e-01 
   6.5598353141173038e-01 
   6.5527120912289438e-01 
   6.5455676967399401e-01 
   6.5384021343120047e-01 
   6.5312154078095008e-01 
   6.5240075212998205e-01 
   6.5167784790537620e-01 
   6.5095282855459069e-01 
   6.5022569454549961e-01 
   6.4949644636643011e-01 
   6.4876508452619963e-01 
   6.4803160955415284e-01 
   6.4729602200019865e-01 
   6.4655832243484657e-01 
   6.4581851144924374e-01 
   6.4507658965521075e-01 
   6.4433255768527808e-01 
   6.4358641619272217e-01 
   6.4283816585160092e-01 
   6.4208780735678983e-01 
   6.4133534142401716e-01 
   6.4058076878989911e-01 
   6.3982409021197539e-01 
   6.3906530646874371e-01 
   6.3830441835969476e-01 
   6.3754142670534675e-01 
   6.3677633234727971e-01 
   6.3600913614816978e-01 
   6.3523983899182312e-01 
   6.3446844178320971e-01 
   6.3369494544849680e-01 
   6.3291935093508256e-01 
   6.3214165921162913e-01 
   6.3136187126809551e-01 
   6.3057998811577065e-01 
   6.2979601078730552e-01 
   6.2900994033674595e-01 
   6.2822177783956445e-01 
   6.2743152439269223e-01 
   6.2663918111455086e-01 
   6.2584474914508392e-01 
   6.2504822964578788e-01 
   6.2424962379974358e-01 
   6.2344893281164682e-01 
   6.2264615790783884e-01 
   6.2184130033633689e-01 
   6.2103436136686396e-01 
   6.2022534229087911e-01 
   6.1941424442160675e-01 
   6.1860106909406631e-01 
   6.1778581766510110e-01 
   6.1696849151340727e-01 
   6.1614909203956270e-01 
   6.1532762066605506e-01 
   6.1450407883731017e-01 
   6.1367846801971992e-01 
   6.1285078970166962e-01 
   6.1202104539356572e-01 
   6.1118923662786273e-01 
   6.1035536495908993e-01 
   6.0951943196387837e-01 
   6.0868143924098661e-01 
   6.0784138841132718e-01 
   6.0699928111799217e-01 
   6.0615511902627872e-01 
   6.0530890382371427e-01 
   6.0446063722008148e-01 
   6.0361032094744271e-01 
   6.0275795676016453e-01 
   6.0190354643494171e-01 
   6.0104709177082105e-01 
   6.0018859458922480e-01 
   5.9932805673397371e-01 
   5.9846548007131006e-01 
   5.9760086648992028e-01 
   5.9673421790095715e-01 
   5.9586553623806171e-01 
   5.9499482345738486e-01 
   5.9412208153760904e-01 
   5.9324731247996876e-01 
   5.9237051830827181e-01 
   5.9149170106891924e-01 
   5.9061086283092568e-01 
   5.8972800568593908e-01 
   5.8884313174825997e-01 
   5.8795624315486084e-01 
   5.8706734206540456e-01 
   5.8617643066226310e-01 
   5.8528351115053545e-01 
   5.8438858575806552e-01 
   5.8349165673545944e-01 
   5.8259272635610271e-01 
   5.8169179691617678e-01 
   5.8078887073467578e-01 
   5.7988395015342220e-01 
   5.7897703753708263e-01 
   5.7806813527318335e-01 
   5.7715724577212490e-01 
   5.7624437146719698e-01 
   5.7532951481459260e-01 
   5.7441267829342191e-01 
   5.7349386440572581e-01 
   5.7257307567648896e-01 
   5.7165031465365279e-01 
   5.7072558390812766e-01 
   5.6979888603380502e-01 
   5.6887022364756878e-01 
   5.6793959938930694e-01 
   5.6700701592192237e-01 
   5.6607247593134302e-01 
   5.6513598212653238e-01 
   5.6419753723949884e-01 
   5.6325714402530536e-01 
   5.6231480526207822e-01 
   5.6137052375101537e-01 
   5.6042430231639473e-01 
   5.5947614380558197e-01 
   5.5852605108903763e-01 
   5.5757402706032411e-01 
   5.5662007463611218e-01 
   5.5566419675618706e-01 
   5.5470639638345387e-01 
   5.5374667650394327e-01 
   5.5278504012681584e-01 
   5.5182149028436678e-01 
   5.5085603003202988e-01 
   5.4988866244838086e-01 
   5.4891939063514061e-01 
   5.4794821771717794e-01 
   5.4697514684251169e-01 
   5.4600018118231275e-01 
   5.4502332393090513e-01 
   5.4404457830576725e-01 
   5.4306394754753218e-01 
   5.4208143491998784e-01 
   5.4109704371007639e-01 
   5.4011077722789369e-01 
   5.3912263880668776e-01 
   5.3813263180285720e-01 
   5.3714075959594865e-01 
   5.3614702558865468e-01 
   5.3515143320681013e-01 
   5.3415398589938878e-01 
   5.3315468713849923e-01 
   5.3215354041938057e-01 
   5.3115054926039695e-01 
   5.3014571720303250e-01 
   5.2913904781188525e-01 
   5.2813054467466092e-01 
   5.2712021140216558e-01 
   5.2610805162829877e-01 
   5.2509406901004529e-01 
   5.2407826722746720e-01 
   5.2306064998369461e-01 
   5.2204122100491679e-01 
   5.2101998404037186e-01 
   5.1999694286233711e-01 
   5.1897210126611781e-01 
   5.1794546307003597e-01 
   5.1691703211541873e-01 
   5.1588681226658595e-01 
   5.1485480741083745e-01 
   5.1382102145843978e-01 
   5.1278545834261235e-01 
   5.1174812201951325e-01 
   5.1070901646822442e-01 
   5.0966814569073626e-01 
   5.0862551371193199e-01 
   5.0758112457957094e-01 
   5.0653498236427219e-01 
   5.0548709115949675e-01 
   5.0443745508153004e-01 
   5.0338607826946324e-01 
   5.0233296488517432e-01 
   5.0127811911330888e-01 
   5.0022154516125983e-01 
   4.9916324725914696e-01 
   4.9810322965979609e-01 
   4.9704149663871722e-01 
   4.9597805249408261e-01 
   4.9491290154670403e-01 
   4.9384604814000965e-01 
   4.9277749664002030e-01 
   4.9170725143532518e-01 
   4.9063531693705709e-01 
   4.8956169757886708e-01 
   4.8848639781689862e-01 
   4.8740942212976102e-01 
   4.8633077501850264e-01 
   4.8525046100658331e-01 
   4.8416848463984613e-01 
   4.8308485048648897e-01 
   4.8199956313703535e-01 
   4.8091262720430450e-01 
   4.7982404732338130e-01 
   4.7873382815158527e-01 
   4.7764197436843930e-01 
   4.7654849067563759e-01 
   4.7545338179701319e-01 
   4.7435665247850489e-01 
   4.7325830748812370e-01 
   4.7215835161591840e-01 
   4.7105678967394099e-01 
   4.6995362649621131e-01 
   4.6884886693868105e-01 
   4.6774251587919741e-01 
   4.6663457821746601e-01 
   4.6552505887501322e-01 
   4.6441396279514807e-01 
   4.6330129494292344e-01 
   4.6218706030509682e-01 
   4.6107126389009034e-01 
   4.5995391072795039e-01 
   4.5883500587030640e-01 
   4.5771455439032949e-01 
   4.5659256138268994e-01 
   4.5546903196351474e-01 
   4.5434397127034404e-01 
   4.5321738446208726e-01 
   4.5208927671897864e-01 
   4.5095965324253207e-01 
   4.4982851925549544e-01 
   4.4869588000180444e-01 
   4.4756174074653560e-01 
   4.4642610677585903e-01 
   4.4528898339699030e-01 
   4.4415037593814183e-01 
   4.4301028974847390e-01 
   4.4186873019804468e-01 
   4.4072570267776001e-01 
   4.3958121259932248e-01 
   4.3843526539517985e-01 
   4.3728786651847296e-01 
   4.3613902144298305e-01 
   4.3498873566307861e-01 
   4.3383701469366126e-01 
   4.3268386407011161e-01 
   4.3152928934823398e-01 
   4.3037329610420083e-01 
   4.2921588993449666e-01 
   4.2805707645586111e-01 
   4.2689686130523158e-01 
   4.2573525013968533e-01 
   4.2457224863638077e-01 
   4.2340786249249840e-01 
   4.2224209742518115e-01 
   4.2107495917147386e-01 
   4.1990645348826255e-01 
   4.1873658615221276e-01 
   4.1756536295970759e-01 
   4.1639278972678490e-01 
   4.1521887228907406e-01 
   4.1404361650173227e-01 
   4.1286702823937987e-01 
   4.1168911339603548e-01 
   4.1050987788505028e-01 
   4.0932932763904184e-01 
   4.0814746860982742e-01 
   4.0696430676835643e-01 
   4.0577984810464263e-01 
   4.0459409862769552e-01 
   4.0340706436545121e-01 
   4.0221875136470275e-01 
   4.0102916569102975e-01 
   3.9983831342872767e-01 
   3.9864620068073614e-01 
   3.9745283356856720e-01 
   3.9625821823223245e-01 
   3.9506236083016993e-01 
   3.9386526753917050e-01 
   3.9266694455430323e-01 
   3.9146739808884062e-01 
   3.9026663437418313e-01 
   3.8906465965978304e-01 
   3.8786148021306782e-01 
   3.8665710231936290e-01 
   3.8545153228181389e-01 
   3.8424477642130822e-01 
   3.8303684107639613e-01 
   3.8182773260321129e-01 
   3.8061745737539066e-01 
   3.7940602178399374e-01 
   3.7819343223742163e-01 
   3.7697969516133506e-01 
   3.7576481699857200e-01 
   3.7454880420906506e-01 
   3.7333166326975770e-01 
   3.7211340067452048e-01 
   3.7089402293406631e-01 
   3.6967353657586544e-01 
   3.6845194814405968e-01 
   3.6722926419937624e-01 
   3.6600549131904098e-01 
   3.6478063609669092e-01 
   3.6355470514228655e-01 
   3.6232770508202328e-01 
   3.6109964255824245e-01 
   3.5987052422934185e-01 
   3.5864035676968570e-01 
   3.5740914686951397e-01 
   3.5617690123485135e-01 
   3.5494362658741535e-01 
   3.5370932966452434e-01 
   3.5247401721900468e-01 
   3.5123769601909743e-01 
   3.5000037284836460e-01 
   3.4876205450559483e-01 
   3.4752274780470849e-01 
   3.4628245957466219e-01 
   3.4504119665935318e-01 
   3.4379896591752257e-01 
   3.4255577422265870e-01 
   3.4131162846289953e-01 
   3.4006653554093463e-01 
   3.3882050237390687e-01 
   3.3757353589331324e-01 
   3.3632564304490553e-01 
   3.3507683078859024e-01 
   3.3382710609832816e-01 
   3.3257647596203332e-01 
   3.3132494738147145e-01 
   3.3007252737215814e-01 
   3.2881922296325627e-01 
   3.2756504119747304e-01 
   3.2630998913095660e-01 
   3.2505407383319196e-01 
   3.2379730238689680e-01 
   3.2253968188791637e-01 
   3.2128121944511823e-01 
   3.2002192218028630e-01 
   3.1876179722801479e-01 
   3.1750085173560111e-01 
   3.1623909286293883e-01 
   3.1497652778240987e-01 
   3.1371316367877639e-01 
   3.1244900774907214e-01 
   3.1118406720249336e-01 
   3.0991834926028933e-01 
   3.0865186115565219e-01 
   3.0738461013360679e-01 
   3.0611660345089964e-01 
   3.0484784837588763e-01 
   3.0357835218842633e-01 
   3.0230812217975778e-01 
   3.0103716565239791e-01 
   2.9976548992002350e-01 
   2.9849310230735870e-01 
   2.9722001015006128e-01 
   2.9594622079460808e-01 
   2.9467174159818060e-01 
   2.9339657992854962e-01 
   2.9212074316395986e-01 
   2.9084423869301401e-01 
   2.8956707391455638e-01 
   2.8828925623755614e-01 
   2.8701079308099020e-01 
   2.8573169187372577e-01 
   2.8445196005440243e-01 
   2.8317160507131389e-01 
   2.8189063438228917e-01 
   2.8060905545457371e-01 
   2.7932687576470994e-01 
   2.7804410279841751e-01 
   2.7676074405047302e-01 
   2.7547680702458965e-01 
   2.7419229923329624e-01 
   2.7290722819781610e-01 
   2.7162160144794528e-01 
   2.7033542652193093e-01 
   2.6904871096634880e-01 
   2.6776146233598075e-01 
   2.6647368819369172e-01 
   2.6518539611030650e-01 
   2.6389659366448615e-01 
   2.6260728844260411e-01 
   2.6131748803862181e-01 
   2.6002720005396424e-01 
   2.5873643209739500e-01 
   2.5744519178489111e-01 
   2.5615348673951760e-01 
   2.5486132459130162e-01 
   2.5356871297710637e-01 
   2.5227565954050468e-01 
   2.5098217193165251e-01 
   2.4968825780716178e-01 
   2.4839392482997319e-01 
   2.4709918066922879e-01 
   2.4580403300014406e-01 
   2.4450848950387996e-01 
   2.4321255786741452e-01 
   2.4191624578341434e-01 
   2.4061956095010564e-01 
   2.3932251107114530e-01 
   2.3802510385549139e-01 
   2.3672734701727369e-01 
   2.3542924827566378e-01 
   2.3413081535474506e-01 
   2.3283205598338239e-01 
   2.3153297789509159e-01 
   2.3023358882790879e-01 
   2.2893389652425930e-01 
   2.2763390873082662e-01 
   2.2633363319842092e-01 
   2.2503307768184758e-01 
   2.2373224993977525e-01 
   2.2243115773460403e-01 
   2.2112980883233319e-01 
   2.1982821100242883e-01 
   2.1852637201769137e-01 
   2.1722429965412282e-01 
   2.1592200169079384e-01 
   2.1461948590971072e-01 
   2.1331676009568215e-01 
   2.1201383203618582e-01 
   2.1071070952123483e-01 
   2.0940740034324407e-01 
   2.0810391229689632e-01 
   2.0680025317900830e-01 
   2.0549643078839649e-01 
   2.0419245292574292e-01 
   2.0288832739346077e-01 
   2.0158406199555984e-01 
   2.0027966453751195e-01 
   1.9897514282611617e-01 
   1.9767050466936398e-01 
   1.9636575787630425e-01 
   1.9506091025690828e-01 
   1.9375596962193453e-01 
   1.9245094378279348e-01 
   1.9114584055141215e-01 
   1.8984066774009881e-01 
   1.8853543316140739e-01 
   1.8723014462800197e-01 
   1.8592480995252109e-01 
   1.8461943694744204e-01 
   1.8331403342494515e-01 
   1.8200860719677786e-01 
   1.8070316607411899e-01 
   1.7939771786744269e-01 
   1.7809227038638253e-01 
   1.7678683143959559e-01 
   1.7548140883462626e-01 
   1.7417601037777036e-01 
   1.7287064387393894e-01 
   1.7156531712652226e-01 
   1.7026003793725364e-01 
   1.6895481410607335e-01 
   1.6764965343099256e-01 
   1.6634456370795711e-01 
   1.6503955273071150e-01 
   1.6373462829066274e-01 
   1.6242979817674427e-01 
   1.6112507017527994e-01 
   1.5982045206984785e-01 
   1.5851595164114451e-01 
   1.5721157666684873e-01 
   1.5590733492148576e-01 
   1.5460323417629132e-01 
   1.5329928219907582e-01 
   1.5199548675408855e-01 
   1.5069185560188197e-01 
   1.4938839649917596e-01 
   1.4808511719872225e-01 
   1.4678202544916893e-01 
   1.4547912899492493e-01 
   1.4417643557602469e-01 
   1.4287395292799279e-01 
   1.4157168878170881e-01 
   1.4026965086327223e-01 
   1.3896784689386737e-01 
   1.3766628458962854e-01 
   1.3636497166150513e-01 
   1.3506391581512708e-01 
   1.3376312475067018e-01 
   1.3246260616272171e-01 
   1.3116236774014606e-01 
   1.2986241716595057e-01 
   1.2856276211715148e-01 
   1.2726341026464000e-01 
   1.2596436927304858e-01 
   1.2466564680061724e-01 
   1.2336725049906015e-01 
   1.2206918801343226e-01 
   1.2077146698199624e-01 
   1.1947409503608945e-01 
   1.1817707979999113e-01 
   1.1688042889078981e-01 
   1.1558414991825083e-01 
   1.1428825048468411e-01 
   1.1299273818481201e-01 
   1.1169762060563754e-01 
   1.1040290532631260e-01 
   1.0910859991800656e-01 
   1.0781471194377495e-01 
   1.0652124895842843e-01 
   1.0522821850840192e-01 
   1.0393562813162398e-01 
   1.0264348535738642e-01 
   1.0135179770621412e-01 
   1.0006057268973512e-01 
   9.8769817810550872e-02 
   9.7479540562106809e-02 
   9.6189748428563135e-02 
   9.4900448884665839e-02 
   9.3611649395618016e-02 
   9.2323357416951385e-02 
   9.1035580394398130e-02 
   8.9748325763762932e-02 
   8.8461600950795374e-02 
   8.7175413371062521e-02 
   8.5889770429821849e-02 
   8.4604679521894405e-02 
   8.3320148031538296e-02 
   8.2036183332322446e-02 
   8.0752792787000663e-02 
   7.9469983747385994e-02 
   7.8187763554225381e-02 
   7.6906139537074619e-02 
   7.5625119014173653e-02 
   7.4344709292322161e-02 
   7.3064917666755463e-02 
   7.1785751421020769e-02 
   7.0507217826853735e-02 
   6.9229324144055360e-02 
   6.7952077620369186e-02 
   6.6675485491358905e-02 
   6.5399554980286226e-02 
   6.4124293297989132e-02 
   6.2849707642760516e-02 
   6.1575805200227103e-02 
   6.0302593143228757e-02 
   5.9030078631698173e-02 
   5.7758268812540890e-02 
   5.6487170819515715e-02 
   5.5216791773115476e-02 
   5.3947138780448177e-02 
   5.2678218935118530e-02 
   5.1410039317109864e-02 
   5.0142606992666407e-02 
   4.8875929014175971e-02 
   4.7610012420053034e-02 
   4.6344864234622203e-02 
   4.5080491468002089e-02 
   4.3816901115989570e-02 
   4.2554100159944472e-02 
   4.1292095566674653e-02 
   4.0030894288321503e-02 
   3.8770503262245855e-02 
   3.7510929410914329e-02 
   3.6252179641786064e-02 
   3.4994260847199921e-02 
   3.3737179904262074e-02 
   3.2480943674734065e-02 
   3.1225559004921268e-02 
   2.9971032725561800e-02 
   2.8717371651715881e-02 
   2.7464582582655626e-02 
   2.6212672301755294e-02 
   2.4961647576381973e-02 
   2.3711515157786738e-02 
   2.2462281780996234e-02 
   2.1213954164704760e-02 
   1.9966539011166774e-02 
   1.8720043006089888e-02 
   1.7474472818528312e-02 
   1.6229835100776788e-02 
   1.4986136488264976e-02 
   1.3743383599452335e-02 
   1.2501583035723463e-02 
   1.1260741381283931e-02 
   1.0020865203056600e-02 
   8.7819610505784091e-03 
   7.5440354558976774e-03 
   6.3070949334718710e-03 
   5.0711459800658826e-03 
   3.8361950746507961e-03 
   2.6022486783031560e-03 
   1.3693132341047341e-03 
   1.3739516704280278e-04 
   -1.0934991160890892e-03 
   -2.3233632267898301e-03 
   -3.5521907949489506e-03 
   -4.7799754689443127e-03 
   -6.0067109157392875e-03 
   -7.2323908209794147e-03 
   -8.4570088890885391e-03 
   -9.6805588433644327e-03 
   -1.0903034426073885e-02 
   -1.2124429398547274e-02 
   -1.3344737541272604e-02 
   -1.4563952653989017e-02 
   -1.5782068555779773e-02 
   -1.6999079085164685e-02 
   -1.8214978100192042e-02 
   -1.9429759478529967e-02 
   -2.0643417117557256e-02 
   -2.1855944934453655e-02 
   -2.3067336866289621e-02 
   -2.4277586870115504e-02 
   -2.5486688923050213e-02 
   -2.6694637022369318e-02 
   -2.7901425185592601e-02 
   -2.9107047450571053e-02 
   -3.0311497875573329e-02 
   -3.1514770539371628e-02 
   -3.2716859541327047e-02 
   -3.3917759001474326e-02 
   -3.5117463060606098e-02 
   -3.6315965880356516e-02 
   -3.7513261643284349e-02 
   -3.8709344552955521e-02 
   -3.9904208834025054e-02 
   -4.1097848732318462e-02 
   -4.2290258514912582e-02 
   -4.3481432470215818e-02 
   -4.4671364908047830e-02 
   -4.5860050159718627e-02 
   -4.7047482578107119e-02 
   -4.8233656537739075e-02 
   -4.9418566434864489e-02 
   -5.0602206687534394e-02 
   -5.1784571735677090e-02 
   -5.2965656041173793e-02 
   -5.4145454087933698e-02 
   -5.5323960381968455e-02 
   -5.6501169451466077e-02 
   -5.7677075846864254e-02 
   -5.8851674140923092e-02 
   -6.0024958928797258e-02 
   -6.1196924828107520e-02 
   -6.2367566479011746e-02 
   -6.3536878544275269e-02 
   -6.4704855709340703e-02 
   -6.5871492682397129e-02 
   -6.7036784194448709e-02 
   -6.8200724999382734e-02 
   -6.9363309874037007e-02 
   -7.0524533618266730e-02 
   -7.1684391055010732e-02 
   -7.2842877030357120e-02 
   -7.3999986413608318e-02 
   -7.5155714097345561e-02 
   -7.6310054997492743e-02 
   -7.7463004053379705e-02 
   -7.8614556227804874e-02 
   -7.9764706507097369e-02 
   -8.0913449901178477e-02 
   -8.2060781443622527e-02 
   -8.3206696191717194e-02 
   -8.4351189226523154e-02 
   -8.5494255652933213e-02 
   -8.6635890599730744e-02 
   -8.7776089219647621e-02 
   -8.8914846689421498e-02 
   -9.0052158209852490e-02 
   -9.1188019005859267e-02 
   -9.2322424326534563e-02 
   -9.3455369445200054e-02 
   -9.4586849659460626e-02 
   -9.5716860291258130e-02 
   -9.6845396686924407e-02 
   -9.7972454217233829e-02 
   -9.9098028277455175e-02 
   -1.0022211428740291e-01 
   -1.0134470769148789e-01 
   -1.0246580395876745e-01 
   -1.0358539858299493e-01 
   -1.0470348708266851e-01 
   -1.0582006500107956e-01 
   -1.0693512790636030e-01 
   -1.0804867139153092e-01 
   -1.0916069107454605e-01 
   -1.1027118259834071e-01 
   -1.1138014163087555e-01 
   -1.1248756386518161e-01 
   -1.1359344501940438e-01 
   -1.1469778083684738e-01 
   -1.1580056708601501e-01 
   -1.1690179956065486e-01 
   -1.1800147407979950e-01 
   -1.1909958648780755e-01 
   -1.2019613265440426e-01 
   -1.2129110847472141e-01 
   -1.2238450986933665e-01 
   -1.2347633278431229e-01 
   -1.2456657319123345e-01 
   -1.2565522708724561e-01 
   -1.2674229049509159e-01 
   -1.2782775946314795e-01 
   -1.2891163006546080e-01 
   -1.2999389840178099e-01 
   -1.3107456059759870e-01 
   -1.3215361280417751e-01 
   -1.3323105119858786e-01 
   -1.3430687198373986e-01 
   -1.3538107138841562e-01 
   -1.3645364566730089e-01 
   -1.3752459110101620e-01 
   -1.3859390399614732e-01 
   -1.3966158068527532e-01 
   -1.4072761752700577e-01 
   -1.4179201090599769e-01 
   -1.4285475723299162e-01 
   -1.4391585294483733e-01 
   -1.4497529450452076e-01 
   -1.4603307840119062e-01 
   -1.4708920115018420e-01 
   -1.4814365929305268e-01 
   -1.4919644939758592e-01 
   -1.5024756805783662e-01 
   -1.5129701189414396e-01 
   -1.5234477755315654e-01 
   -1.5339086170785490e-01 
   -1.5443526105757349e-01 
   -1.5547797232802185e-01 
   -1.5651899227130550e-01 
   -1.5755831766594608e-01 
   -1.5859594531690102e-01 
   -1.5963187205558260e-01 
   -1.6066609473987647e-01 
   -1.6169861025415960e-01 
   -1.6272941550931772e-01 
   -1.6375850744276210e-01 
   -1.6478588301844591e-01 
   -1.6581153922687986e-01 
   -1.6683547308514751e-01 
   -1.6785768163691980e-01 
   -1.6887816195246916e-01 
   -1.6989691112868302e-01 
   -1.7091392628907687e-01 
   -1.7192920458380662e-01 
   -1.7294274318968056e-01 
   -1.7395453931017063e-01 
   -1.7496459017542335e-01 
   -1.7597289304226996e-01 
   -1.7697944519423625e-01 
   -1.7798424394155174e-01 
   -1.7898728662115829e-01 
   -1.7998857059671830e-01 
   -1.8098809325862225e-01 
   -1.8198585202399578e-01 
   -1.8298184433670625e-01 
   -1.8397606766736871e-01 
   -1.8496851951335141e-01 
   -1.8595919739878075e-01 
   -1.8694809887454572e-01 
   -1.8793522151830178e-01 
   -1.8892056293447426e-01 
   -1.8990412075426133e-01 
   -1.9088589263563621e-01 
   -1.9186587626334911e-01 
   -1.9284406934892853e-01 
   -1.9382046963068209e-01 
   -1.9479507487369682e-01 
   -1.9576788286983904e-01 
   -1.9673889143775353e-01 
   -1.9770809842286238e-01 
   -1.9867550169736334e-01 
   -1.9964109916022751e-01 
   -2.0060488873719670e-01 
   -2.0156686838078014e-01 
   -2.0252703607025085e-01 
   -2.0348538981164144e-01 
   -2.0444192763773933e-01 
   -2.0539664760808166e-01 
   -2.0634954780894957e-01 
   -2.0730062635336208e-01 
   -2.0824988138106942e-01 
   -2.0919731105854586e-01 
   -2.1014291357898218e-01 
   -2.1108668716227758e-01 
   -2.1202863005503098e-01 
   -2.1296874053053216e-01 
   -2.1390701688875213e-01 
   -2.1484345745633315e-01 
   -2.1577806058657834e-01 
   -2.1671082465944064e-01 
   -2.1764174808151149e-01 
   -2.1857082928600896e-01 
   -2.1949806673276540e-01 
   -2.2042345890821469e-01 
   -2.2134700432537896e-01 
   -2.2226870152385492e-01 
   -2.2318854906979965e-01 
   -2.2410654555591608e-01 
   -2.2502268960143781e-01 
   -2.2593697985211372e-01 
   -2.2684941498019187e-01 
   -2.2775999368440322e-01 
   -2.2866871468994471e-01 
   -2.2957557674846199e-01 
   -2.3048057863803165e-01 
   -2.3138371916314307e-01 
   -2.3228499715467987e-01 
   -2.3318441146990077e-01 
   -2.3408196099242012e-01 
   -2.3497764463218807e-01 
   -2.3587146132547016e-01 
   -2.3676341003482662e-01 
   -2.3765348974909112e-01 
   -2.3854169948334919e-01 
   -2.3942803827891621e-01 
   -2.4031250520331487e-01 
   -2.4119509935025241e-01 
   -2.4207581983959725e-01 
   -2.4295466581735539e-01 
   -2.4383163645564621e-01 
   -2.4470673095267798e-01 
   -2.4557994853272291e-01 
   -2.4645128844609193e-01 
   -2.4732074996910880e-01 
   -2.4818833240408406e-01 
   -2.4905403507928850e-01 
   -2.4991785734892621e-01 
   -2.5077979859310723e-01 
   -2.5163985821781981e-01 
   -2.5249803565490242e-01 
   -2.5335433036201510e-01 
   -2.5420874182261055e-01 
   -2.5506126954590508e-01 
   -2.5591191306684863e-01 
   -2.5676067194609492e-01 
   -2.5760754576997108e-01 
   -2.5845253415044661e-01 
   -2.5929563672510242e-01 
   -2.6013685315709917e-01 
   -2.6097618313514531e-01 
   -2.6181362637346495e-01 
   -2.6264918261176495e-01 
   -2.6348285161520213e-01 
   -2.6431463317434961e-01 
   -2.6514452710516329e-01 
   -2.6597253324894760e-01 
   -2.6679865147232101e-01 
   -2.6762288166718129e-01 
   -2.6844522375067020e-01 
   -2.6926567766513793e-01 
   -2.7008424337810732e-01 
   -2.7090092088223755e-01 
   -2.7171571019528751e-01 
   -2.7252861136007889e-01 
   -2.7333962444445886e-01 
   -2.7414874954126245e-01 
   -2.7495598676827465e-01 
   -2.7576133626819199e-01 
   -2.7656479820858393e-01 
   -2.7736637278185394e-01 
   -2.7816606020520013e-01 
   -2.7896386072057561e-01 
   -2.7975977459464851e-01 
   -2.8055380211876169e-01 
   -2.8134594360889209e-01 
   -2.8213619940560986e-01 
   -2.8292456987403702e-01 
   -2.8371105540380587e-01 
   -2.8449565640901703e-01 
   -2.8527837332819733e-01 
   -2.8605920662425721e-01 
   -2.8683815678444791e-01 
   -2.8761522432031811e-01 
   -2.8839040976767077e-01 
   -2.8916371368651911e-01 
   -2.8993513666104259e-01 
   -2.9070467929954258e-01 
   -2.9147234223439750e-01 
   -2.9223812612201805e-01 
   -2.9300203164280181e-01 
   -2.9376405950108758e-01 
   -2.9452421042510957e-01 
   -2.9528248516695127e-01 
   -2.9603888450249888e-01 
   -2.9679340923139458e-01 
   -2.9754606017698959e-01 
   -2.9829683818629665e-01 
   -2.9904574412994256e-01 
   -2.9979277890212019e-01 
   -3.0053794342054035e-01 
   -3.0128123862638323e-01 
   -3.0202266548424983e-01 
   -3.0276222498211280e-01 
   -3.0349991813126714e-01 
   -3.0423574596628078e-01 
   -3.0496970954494462e-01 
   -3.0570180994822244e-01 
   -3.0643204828020049e-01 
   -3.0716042566803703e-01 
   -3.0788694326191124e-01 
   -3.0861160223497203e-01 
   -3.0933440378328680e-01 
   -3.1005534912578964e-01 
   -3.1077443950422928e-01 
   -3.1149167618311713e-01 
   -3.1220706044967450e-01 
   -3.1292059361378022e-01 
   -3.1363227700791746e-01 
   -3.1434211198712053e-01 
   -3.1505009992892152e-01 
   -3.1575624223329646e-01 
   -3.1646054032261151e-01 
   -3.1716299564156858e-01 
   -3.1786360965715099e-01 
   -3.1856238385856883e-01 
   -3.1925931975720390e-01 
   -3.1995441888655463e-01 
   -3.2064768280218064e-01 
   -3.2133911308164720e-01 
   -3.2202871132446920e-01 
   -3.2271647915205515e-01 
   -3.2340241820765087e-01 
   -3.2408653015628275e-01 
   -3.2476881668470126e-01 
   -3.2544927950132357e-01 
   -3.2612792033617666e-01 
   -3.2680474094083950e-01 
   -3.2747974308838568e-01 
   -3.2815292857332534e-01 
   -3.2882429921154699e-01 
   -3.2949385684025928e-01 
   -3.3016160331793237e-01 
   -3.3082754052423913e-01 
   -3.3149167035999622e-01 
   -3.3215399474710477e-01 
   -3.3281451562849107e-01 
   -3.3347323496804687e-01 
   -3.3413015475056956e-01 
   -3.3478527698170213e-01 
   -3.3543860368787293e-01 
   -3.3609013691623518e-01 
   -3.3673987873460631e-01 
   -3.3738783123140714e-01 
   -3.3803399651560079e-01 
   -3.3867837671663137e-01 
   -3.3932097398436262e-01 
   -3.3996179048901615e-01 
   -3.4060082842110967e-01 
   -3.4123808999139488e-01 
   -3.4187357743079527e-01 
   -3.4250729299034360e-01 
   -3.4313923894111942e-01 
   -3.4376941757418611e-01 
   -3.4439783120052797e-01 
   -3.4502448215098702e-01 
   -3.4564937277619956e-01 
   -3.4627250544653265e-01 
   -3.4689388255202042e-01 
   -3.4751350650230006e-01 
   -3.4813137972654767e-01 
   -3.4874750467341420e-01 
   -3.4936188381096062e-01 
   -3.4997451962659365e-01 
   -3.5058541462700066e-01 
   -3.5119457133808479e-01 
   -3.5180199230489978e-01 
   -3.5240768009158457e-01 
   -3.5301163728129786e-01 
   -3.5361386647615228e-01 
   -3.5421437029714875e-01 
   -3.5481315138411029e-01 
   -3.5541021239561577e-01 
   -3.5600555600893374e-01 
   -3.5659918491995568e-01 
   -3.5719110184312952e-01 
   -3.5778130951139264e-01 
   -3.5836981067610485e-01 
   -3.5895660810698127e-01 
   -3.5954170459202500e-01 
   -3.6012510293745947e-01 
   -3.6070680596766103e-01 
   -3.6128681652509081e-01 
   -3.6186513747022708e-01 
   -3.6244177168149688e-01 
   -3.6301672205520780e-01 
   -3.6358999150547949e-01 
   -3.6416158296417528e-01 
   -3.6473149938083316e-01 
   -3.6529974372259705e-01 
   -3.6586631897414768e-01 
   -3.6643122813763346e-01 
   -3.6699447423260106e-01 
   -3.6755606029592597e-01 
   -3.6811598938174289e-01 
   -3.6867426456137592e-01 
   -3.6923088892326855e-01 
   -3.6978586557291376e-01 
   -3.7033919763278372e-01 
   -3.7089088824225941e-01 
   -3.7144094055756011e-01 
   -3.7198935775167291e-01 
   -3.7253614301428178e-01 
   -3.7308129955169672e-01 
   -3.7362483058678275e-01 
   -3.7416673935888867e-01 
   -3.7470702912377579e-01 
   -3.7524570315354638e-01 
   -3.7578276473657224e-01 
   -3.7631821717742281e-01 
   -3.7685206379679348e-01 
   -3.7738430793143340e-01 
   -3.7791495293407368e-01 
   -3.7844400217335478e-01 
   -3.7897145903375440e-01 
   -3.7949732691551491e-01 
   -3.8002160923457068e-01 
   -3.8054430942247530e-01 
   -3.8106543092632883e-01 
   -3.8158497720870466e-01 
   -3.8210295174757647e-01 
   -3.8261935803624492e-01 
   -3.8313419958326433e-01 
   -3.8364747991236914e-01 
   -3.8415920256240027e-01 
   -3.8466937108723148e-01 
   -3.8517798905569539e-01 
   -3.8568506005150954e-01 
   -3.8619058767320241e-01 
   -3.8669457553403902e-01 
   -3.8719702726194677e-01 
   -3.8769794649944089e-01 
   -3.8819733690354991e-01 
   -3.8869520214574099e-01 
   -3.8919154591184507e-01 
   -3.8968637190198213e-01 
   -3.9017968383048607e-01 
   -3.9067148542582947e-01 
   -3.9116178043054861e-01 
   -3.9165057260116792e-01 
   -3.9213786570812464e-01 
   -3.9262366353569317e-01 
   -3.9310796988190949e-01 
   -3.9359078855849527e-01 
   -3.9407212339078207e-01 
   -3.9455197821763532e-01 
   -3.9503035689137828e-01 
   -3.9550726327771563e-01 
   -3.9598270125565749e-01 
   -3.9645667471744278e-01 
   -3.9692918756846274e-01 
   -3.9740024372718430e-01 
   -3.9786984712507351e-01 
   -3.9833800170651851e-01 
   -3.9880471142875279e-01 
   -3.9926998026177812e-01 
   -3.9973381218828735e-01 
   -4.0019621120358734e-01 
   -4.0065718131552147e-01 
   -4.0111672654439245e-01 
   -4.0157485092288464e-01 
   -4.0203155849598654e-01 
   -4.0248685332091305e-01 
   -4.0294073946702774e-01 
   -4.0339322101576491e-01 
   -4.0384430206055161e-01 
   -4.0429398670672961e-01 
   -4.0474227907147720e-01 
   -4.0518918328373099e-01 
   -4.0563470348410757e-01 
   -4.0607884382482501e-01 
   -4.0652160846962437e-01 
   -4.0696300159369114e-01 
   -4.0740302738357642e-01 
   -4.0784169003711829e-01 
   -4.0827899376336280e-01 
   -4.0871494278248516e-01 
   -4.0914954132571052e-01 
   -4.0958279363523492e-01 
   -4.1001470396414619e-01 
   -4.1044527657634439e-01 
   -4.1087451574646267e-01 
   -4.1130242575978770e-01 
   -4.1172901091218012e-01 
   -4.1215427550999495e-01 
   -4.1257822387000187e-01 
   -4.1300086031930533e-01 
   -4.1342218919526491e-01 
   -4.1384221484541511e-01 
   -4.1426094162738553e-01 
   -4.1467837390882062e-01 
   -4.1509451606729958e-01 
   -4.1550937249025605e-01 
   -4.1592294757489778e-01 
   -4.1633524572812636e-01 
   -4.1674627136645648e-01 
   -4.1715602891593551e-01 
   -4.1756452281206297e-01 
   -4.1797175749970961e-01 
   -4.1837773743303669e-01 
   -4.1878246707541533e-01 
   -4.1918595089934524e-01 
   -4.1958819338637404e-01 
   -4.1998919902701598e-01 
   -4.2038897232067096e-01 
   -4.2078751777554319e-01 
   -4.2118483990856004e-01 
   -4.2158094324529061e-01 
   -4.2197583231986435e-01 
   -4.2236951167488962e-01 
   -4.2276198586137209e-01 
   -4.2315325943863324e-01 
   -4.2354333697422852e-01 
   -4.2393222304386580e-01 
   -4.2431992223132348e-01 
   -4.2470643912836858e-01 
   -4.2509177833467493e-01 
   -4.2547594445774106e-01 
   -4.2585894211280828e-01 
   -4.2624077592277854e-01 
   -4.2662145051813222e-01 
   -4.2700097053684588e-01 
   -4.2737934062431004e-01 
   -4.2775656543324686e-01 
   -4.2813264962362768e-01 
   -4.2850759786259057e-01 
   -4.2888141482435782e-01 
   -4.2925410519015339e-01 
   -4.2962567364812027e-01 
   -4.2999612489323780e-01 
   -4.3036546362723893e-01 
   -4.3073369455852756e-01 
   -4.3110082240209541e-01 
   -4.3146685187943951e-01 
   -4.3183178771847891e-01 
   -4.3219563465347188e-01 
   -4.3255839742493291e-01 
   -4.3292008077954941e-01 
   -4.3328068947009885e-01 
   -4.3364022825536530e-01 
   -4.3399870190005635e-01 
   -4.3435611517471989e-01 
   -4.3471247285566061e-01 
   -4.3506777972485677e-01 
   -4.3542204056987666e-01 
   -4.3577526018379520e-01 
   -4.3612744336511056e-01 
   -4.3647859491766039e-01 
   -4.3682871965053838e-01 
   -4.3717782237801062e-01 
   -4.3752590791943180e-01 
   -4.3787298109916167e-01 
   -4.3821904674648127e-01 
   -4.3856410969550896e-01 
   -4.3890817478511684e-01 
   -4.3925124685884670e-01 
   -4.3959333076482621e-01 
   -4.3993443135568500e-01 
   -4.4027455348847061e-01 
   -4.4061370202456457e-01 
   -4.4095188182959832e-01 
   -4.4128909777336911e-01 
   -4.4162535472975600e-01 
   -4.4196065757663555e-01 
   -4.4229501119579784e-01 
   -4.4262842047286211e-01 
   -4.4296089029719271e-01 
   -4.4329242556181475e-01 
   -4.4362303116332974e-01 
   -4.4395271200183140e-01 
   -4.4428147298082127e-01 
   -4.4460931900712442e-01 
   -4.4493625499080497e-01 
   -4.4526228584508171e-01 
   -4.4558741648624373e-01 
   -4.4591165183356579e-01 
   -4.4623499680922413e-01 
   -4.4655745633821170e-01 
   -4.4687903534825379e-01 
   -4.4719973876972341e-01 
   -4.4751957153555677e-01 
   -4.4783853858116873e-01 
   -4.4815664484436818e-01 
   -4.4847389526527343e-01 
   -4.4879029478622756e-01 
   -4.4910584835171391e-01 
   -4.4942056090827120e-01 
   -4.4973443740440910e-01 
   -4.5004748279052342e-01 
   -4.5035970201881137e-01 
   -4.5067110004318700e-01 
   -4.5098168181919646e-01 
   -4.5129145230393314e-01 
   -4.5160041645595317e-01 
   -4.5190857923519046e-01 
   -4.5221594560287215e-01 
   -4.5252252052143366e-01 
   -4.5282830895443416e-01 
   -4.5313331586647165e-01 
   -4.5343754622309829e-01 
   -4.5374100499073561e-01 
   -4.5404369713658971e-01 
   -4.5434562762856656e-01 
   -4.5464680143518715e-01 
   -4.5494722352550288e-01 
   -4.5524689886901065e-01 
   -4.5554583243556823e-01 
   -4.5584402919530931e-01 
   -4.5614149411855898e-01 
   -4.5643823217574891e-01 
   -4.5673424833733256e-01 
   -4.5702954757370046e-01 
   -4.5732413485509554e-01 
   -4.5761801515152839e-01 
   -4.5791119343269265e-01 
   -4.5820367466788015e-01 
   -4.5849546382589634e-01 
   -4.5878656587497563e-01 
   -4.5907698578269679e-01 
   -4.5936672851589816e-01 
   -4.5965579904059312e-01 
   -4.5994420232188560e-01 
   -4.6023194332388528e-01 
   -4.6051902700962322e-01 
   -4.6080545834096714e-01 
   -4.6109124227853704e-01 
   -4.6137638378162066e-01 
   -4.6166088780808900e-01 
   -4.6194475931431184e-01 
   -4.6222800325507329e-01 
   -4.6251062458348741e-01 
   -4.6279262825091388e-01 
   -4.6307401920687363e-01 
   -4.6335480239896443e-01 
   -4.6363498277277670e-01 
   -4.6391456527180924e-01 
   -4.6419355483738495e-01 
   -4.6447195640856659e-01 
   -4.6474977492207276e-01 
   -4.6502701531219370e-01 
   -4.6530368251070719e-01 
   -4.6557978144679446e-01 
   -4.6585531704695621e-01 
   -4.6613029423492869e-01 
   -4.6640471793159965e-01 
   -4.6667859305492454e-01 
   -4.6695192451984258e-01 
   -4.6722471723819298e-01 
   -4.6749697611863117e-01 
   -4.6776870606654508e-01 
   -4.6803991198397155e-01 
   -4.6831059876951248e-01 
   -4.6858077131825149e-01 
   -4.6885043452167030e-01 
   -4.6911959326756519e-01 
   -4.6938825243996363e-01 
   -4.6965641691904092e-01 
   -4.6992409158103687e-01 
   -4.7019128129817245e-01 
   -4.7045799093856677e-01 
   -4.7072422536615371e-01 
   -4.7098998944059906e-01 
   -4.7125528801721717e-01 
   -4.7152012594688836e-01 
   -4.7178450807597572e-01 
   -4.7204843924624240e-01 
   -4.7231192429476881e-01 
   -4.7257496805386989e-01 
   -4.7283757535101245e-01 
   -4.7309975100873258e-01 
   -4.7336149984455328e-01 
   -4.7362282667090178e-01 
   -4.7388373629502734e-01 
   -4.7414423351891893e-01 
   -4.7440432313922298e-01 
   -4.7466400994716118e-01 
   -4.7492329872844857e-01 
   -4.7518219426321134e-01 
   -4.7544070132590505e-01 
   -4.7569882468523278e-01 
   -4.7595656910406331e-01 
   -4.7621393933934947e-01 
   -4.7647094014204666e-01 
   -4.7672757625703116e-01 
   -4.7698385242301883e-01 
   -4.7723977337248374e-01 
   -4.7749534383157693e-01 
   -4.7775056852004527e-01 
   -4.7800545215115037e-01 
   -4.7825999943158759e-01 
   -4.7851421506140523e-01 
   -4.7876810373392364e-01 
   -4.7902167013565466e-01 
   -4.7927491894622093e-01 
   -4.7952785483827537e-01 
   -4.7978048247742089e-01 
   -4.8003280652213004e-01 
   -4.8028483162366475e-01 
   -4.8053656242599641e-01 
   -4.8078800356572565e-01 
   -4.8103915967200267e-01 
   -4.8129003536644738e-01 
   -4.8154063526306967e-01 
   -4.8179096396818999e-01 
   -4.8204102608035981e-01 
   -4.8229082619028235e-01 
   -4.8254036888073321e-01 
   -4.8278965872648150e-01 
   -4.8303870029421059e-01 
   -4.8328749814243949e-01 
   -4.8353605682144396e-01 
   -4.8378438087317782e-01 
   -4.8403247483119460e-01 
   -4.8428034322056901e-01 
   -4.8452799055781870e-01 
   -4.8477542135082613e-01 
   -4.8502264009876067e-01 
   -4.8526965129200045e-01 
   -4.8551645941205490e-01 
   -4.8576306893148685e-01 
   -4.8600948431383523e-01 
   -4.8625571001353762e-01 
   -4.8650175047585303e-01 
   -4.8674761013678475e-01 
   -4.8699329342300351e-01 
   -4.8723880475177062e-01 
   -4.8748414853086119e-01 
   -4.8772932915848771e-01 
   -4.8797435102322356e-01 
   -4.8821921850392691e-01 
   -4.8846393596966436e-01 
   -4.8870850777963526e-01 
   -4.8895293828309566e-01 
   -4.8919723181928276e-01 
   -4.8944139271733939e-01 
   -4.8968542529623860e-01 
   -4.8992933386470849e-01 
   -4.9017312272115715e-01 
   -4.9041679615359768e-01 
   -4.9066035843957362e-01 
   -4.9090381384608417e-01 
   -4.9114716662950991e-01 
   -4.9139042103553837e-01 
   -4.9163358129909013e-01 
   -4.9187665164424471e-01 
   -4.9211963628416688e-01 
   -4.9236253942103309e-01 
   -4.9260536524595788e-01 
   -4.9284811793892075e-01 
   -4.9309080166869301e-01 
   -4.9333342059276480e-01 
   -4.9357597885727250e-01 
   -4.9381848059692596e-01 
   -4.9406092993493617e-01 
   -4.9430333098294305e-01 
   -4.9454568784094338e-01 
   -4.9478800459721900e-01 
   -4.9503028532826493e-01 
   -4.9527253409871813e-01 
   -4.9551475496128600e-01 
   -4.9575695195667530e-01 
   -4.9599912911352118e-01 
   -4.9624129044831644e-01 
   -4.9648343996534100e-01 
   -4.9672558165659142e-01 
   -4.9696771950171087e-01 
   -4.9720985746791896e-01 
   -4.9745199950994207e-01 
   -4.9769414956994373e-01 
   -4.9793631157745516e-01 
   -4.9817848944930615e-01 
   -4.9842068708955600e-01 
   -4.9866290838942473e-01 
   -4.9890515722722450e-01 
   -4.9914743746829127e-01 
   -4.9938975296491644e-01 
   -4.9963210755627907e-01 
   -4.9987450506837799e-01 
   -5.0011694931396433e-01 
   -5.0035944409247413e-01 
   -5.0060199318996124e-01 
   -5.0084460037903022e-01 
   -5.0108726941876991e-01 
   -5.0133000405468675e-01 
   -5.0157280801863868e-01 
   -5.0181568502876883e-01 
   -5.0205863878944001e-01 
   -5.0230167299116890e-01 
   -5.0254479131056073e-01 
   -5.0278799741024405e-01 
   -5.0303129493880594e-01 
   -5.0327468753072724e-01 
   -5.0351817880631811e-01 
   -5.0376177237165365e-01 
   -5.0400547181851019e-01 
   -5.0424928072430109e-01 
   -5.0449320265201358e-01 
   -5.0473724115014529e-01 
   -5.0498139975264111e-01 
   -5.0522568197883067e-01 
   -5.0547009133336540e-01 
   -5.0571463130615635e-01 
   -5.0595930537231215e-01 
   -5.0620411699207690e-01 
   -5.0644906961076874e-01 
   -5.0669416665871869e-01 
   -5.0693941155120903e-01 
   -5.0718480768841279e-01 
   -5.0743035845533313e-01 
   -5.0767606722174285e-01 
   -5.0792193734212432e-01 
   -5.0816797215560960e-01 
   -5.0841417498592079e-01 
   -5.0866054914131087e-01 
   -5.0890709791450439e-01 
   -5.0915382458263880e-01 
   -5.0940073240720585e-01 
   -5.0964782463399316e-01 
   -5.0989510449302644e-01 
   -5.1014257519851147e-01 
   -5.1039023994877675e-01 
   -5.1063810192621606e-01 
   -5.1088616429723177e-01 
   -5.1113443021217786e-01 
   -5.1138290280530385e-01 
   -5.1163158519469809e-01 
   -5.1188048048223245e-01 
   -5.1212959175350636e-01 
   -5.1237892207779168e-01 
   -5.1262847450797744e-01 
   -5.1287825208051518e-01 
   -5.1312825781536442e-01 
   -5.1337849471593866e-01 
   -5.1362896576905104e-01 
   -5.1387967394486112e-01 
   -5.1413062219682126e-01 
   -5.1438181346162348e-01 
   -5.1463325065914700e-01 
   -5.1488493669240543e-01 
   -5.1513687444749467e-01 
   -5.1538906679354102e-01 
   -5.1564151658264956e-01 
   -5.1589422664985285e-01 
   -5.1614719981305968e-01 
   -5.1640043887300469e-01 
   -5.1665394661319763e-01 
   -5.1690772579987332e-01 
   -5.1716177918194184e-01 
   -5.1741610949093908e-01 
   -5.1767071944097709e-01 
   -5.1792561172869567e-01 
   -5.1818078903321352e-01 
   -5.1843625401607973e-01 
   -5.1869200932122606e-01 
   -5.1894805757491902e-01 
   -5.1920440138571267e-01 
   -5.1946104334440113e-01 
   -5.1971798602397246e-01 
   -5.1997523197956141e-01 
   -5.2023278374840398e-01 
   -5.2049064384979105e-01 
   -5.2074881478502322e-01 
   -5.2100729903736531e-01 
   -5.2126609907200161e-01 
   -5.2152521733599144e-01 
   -5.2178465625822468e-01 
   -5.2204441824937786e-01 
   -5.2230450570187081e-01 
   -5.2256492098982299e-01 
   -5.2282566646901085e-01 
   -5.2308674447682502e-01 
   -5.2334815733222806e-01 
   -5.2360990733571244e-01 
   -5.2387199676925911e-01 
   -5.2413442789629583e-01 
   -5.2439720296165637e-01 
   -5.2466032419153985e-01 
   -5.2492379379347054e-01 
   -5.2518761395625746e-01 
   -5.2545178684995519e-01 
   -5.2571631462582435e-01 
   -5.2598119941629240e-01 
   -5.2624644333491555e-01 
   -5.2651204847633981e-01 
   -5.2677801691626347e-01 
   -5.2704435071139932e-01 
   -5.2731105189943739e-01 
   -5.2757812249900804e-01 
   -5.2784556450964515e-01 
   -5.2811337991175011e-01 
   -5.2838157066655589e-01 
   -5.2865013871609134e-01 
   -5.2891908598314619e-01 
   -5.2918841437123576e-01 
   -5.2945812576456708e-01 
   -5.2972822202800418e-01 
   -5.2999870500703439e-01 
   -5.3026957652773521e-01 
   -5.3054083839674071e-01 
   -5.3081249240120898e-01 
   -5.3108454030878993e-01 
   -5.3135698386759300e-01 
   -5.3162982480615539e-01 
   -5.3190306483341099e-01 
   -5.3217670563865926e-01 
   -5.3245074889153454e-01 
   -5.3272519624197590e-01 
   -5.3300004932019718e-01 
   -5.3327530973665760e-01 
   -5.3355097908203231e-01 
   -5.3382705892718374e-01 
   -5.3410355082313332e-01 
   -5.3438045630103292e-01 
   -5.3465777687213767e-01 
   -5.3493551402777806e-01 
   -5.3521366923933356e-01 
   -5.3549224395820538e-01 
   -5.3577123961579076e-01 
   -5.3605065762345661e-01 
   -5.3633049937251420e-01 
   -5.3661076623419424e-01 
   -5.3689145955962170e-01 
   -5.3717258067979168e-01 
   -5.3745413090554517e-01 
   -5.3773611152754552e-01 
   -5.3801852381625526e-01 
   -5.3830136902191295e-01 
   -5.3858464837451070e-01 
   -5.3886836308377206e-01 
   -5.3915251433913025e-01 
   -5.3943710330970684e-01 
   -5.3972213114429035e-01 
   -5.4000759897131601e-01 
   -5.4029350789884523e-01 
   -5.4057985901454575e-01 
   -5.4086665338567219e-01 
   -5.4115389205904685e-01 
   -5.4144157606104093e-01 
   -5.4172970639755624e-01 
   -5.4201828405400709e-01 
   -5.4230730999530263e-01 
   -5.4259678516582988e-01 
   -5.4288671048943660e-01 
   -5.4317708686941490e-01 
   -5.4346791518848525e-01 
   -5.4375919630878067e-01 
   -5.4405093107183145e-01 
   -5.4434312029855025e-01 
   -5.4463576478921760e-01 
   -5.4492886532346774e-01 
   -5.4522242266027454e-01 
   -5.4551643753793855e-01 
   -5.4581091067407383e-01 
   -5.4610584276559537e-01 
   -5.4640123448870670e-01 
   -5.4669708649888826e-01 
   -5.4699339943088598e-01 
   -5.4729017389870005e-01 
   -5.4758741049557447e-01 
   -5.4788510979398652e-01 
   -5.4818327234563724e-01 
   -5.4848189868144159e-01 
   -5.4878098931151942e-01 
   -5.4908054472518697e-01 
   -5.4938056539094837e-01 
   -5.4968105175648785e-01 
   -5.4998200424866195e-01 
   -5.5028342327349267e-01 
   -5.5058530921616056e-01 
   -5.5088766244099852e-01 
   -5.5119048329148557e-01 
   -5.5149377209024164e-01 
   -5.5179752913902214e-01 
   -5.5210175471871314e-01 
   -5.5240644908932734e-01 
   -5.5271161248999956e-01 
   -5.5301724513898354e-01 
   -5.5332334723364873e-01 
   -5.5362991895047720e-01 
   -5.5393696044506158e-01 
   -5.5424447185210268e-01 
   -5.5455245328540814e-01 
   -5.5486090483789119e-01 
   -5.5516982658156955e-01 
   -5.5547921856756544e-01 
   -5.5578908082610512e-01 
   -5.5609941336651936e-01 
   -5.5641021617724451e-01 
   -5.5672148922582310e-01 
   -5.5703323245890579e-01 
   -5.5734544580225320e-01 
   -5.5765812916073820e-01 
   -5.5797128241834859e-01 
   -5.5828490543819032e-01 
   -5.5859899806249114e-01 
   -5.5891356011260407e-01 
   -5.5922859138901226e-01 
   -5.5954409167133334e-01 
   -5.5986006071832461e-01 
   -5.6017649826788851e-01 
   -5.6049340403707859e-01 
   -5.6081077772210575e-01 
   -5.6112861899834487e-01 
   -5.6144692752034209e-01 
   -5.6176570292182193e-01 
   -5.6208494481569538e-01 
   -5.6240465279406826e-01 
   -5.6272482642824972e-01 
   -5.6304546526876120e-01 
   -5.6336656884534608e-01 
   -5.6368813666697937e-01 
   -5.6401016822187811e-01 
   -5.6433266297751172e-01 
   -5.6465562038061334e-01 
   -5.6497903985719089e-01 
   -5.6530292081253908e-01 
   -5.6562726263125174e-01 
   -5.6595206467723402e-01 
   -5.6627732629371574e-01 
   -5.6660304680326445e-01 
   -5.6692922550779945e-01 
   -5.6725586168860576e-01 
   -5.6758295460634878e-01 
   -5.6791050350108907e-01 
   -5.6823850759229777e-01 
   -5.6856696607887247e-01 
   -5.6889587813915299e-01 
   -5.6922524293093790e-01 
   -5.6955505959150177e-01 
   -5.6988532723761198e-01 
   -5.7021604496554656e-01 
   -5.7054721185111223e-01 
   -5.7087882694966285e-01 
   -5.7121088929611818e-01 
   -5.7154339790498310e-01 
   -5.7187635177036700e-01 
   -5.7220974986600415e-01 
   -5.7254359114527353e-01 
   -5.7287787454122008e-01 
   -5.7321259896657550e-01 
   -5.7354776331377966e-01 
   -5.7388336645500282e-01 
   -5.7421940724216747e-01 
   -5.7455588450697137e-01 
   -5.7489279706091034e-01 
   -5.7523014369530168e-01 
   -5.7556792318130789e-01 
   -5.7590613426996107e-01 
   -5.7624477569218724e-01 
   -5.7658384615883118e-01 
   -5.7692334436068193e-01 
   -5.7726326896849822e-01 
   -5.7760361863303489e-01 
   -5.7794439198506875e-01 
   -5.7828558763542581e-01 
   -5.7862720417500835e-01 
   -5.7896924017482221e-01 
